Arduino is Ready!Arduino is Ready!
0.36,-0.45,-10.39,-1.00,0.00,0.00,0.41,-0.42,-10.43,-1.00,0.00,0.00,
0.37,-0.46,-10.80,0.00,-1.00,0.00,0.35,-0.45,-10.39,-1.00,0.00,0.00,
0.35,-0.47,-10.88,0.00,-1.00,0.00,0.37,-0.42,-10.47,-1.00,0.00,0.00,
0.36,-0.41,-10.88,0.00,-1.00,0.00,0.33,-0.45,-10.39,-1.00,0.00,0.00,
0.32,-0.44,-10.80,0.00,-1.00,0.00,0.37,-0.46,-10.77,0.00,-1.00,0.00,
0.41,-0.48,-10.82,0.00,-1.00,0.00,0.36,-0.46,-10.43,-1.00,0.00,0.00,
0.31,-0.50,-10.80,0.00,-1.00,0.00,0.42,-0.45,-10.41,-1.00,0.00,0.00,
0.36,-0.48,-10.86,0.00,-1.00,0.00,0.39,-0.36,-10.41,-1.00,0.00,0.00,
0.35,-0.44,-10.36,-1.00,0.00,0.00,0.33,-0.45,-10.89,0.00,-1.00,0.00,
0.38,-0.46,-10.48,-1.00,0.00,0.00,0.34,-0.45,-10.89,0.00,-1.00,0.00,
0.35,-0.43,-10.44,-1.00,0.00,0.00,0.39,-0.43,-10.84,0.00,-1.00,0.00,
0.39,-0.42,-10.86,0.00,-1.00,0.00,0.41,-0.41,-10.28,-1.00,0.00,0.00,
-1.66,-7.11,-6.42,2.00,0.00,18.00,0.31,-0.46,-10.82,0.00,-1.00,0.00,
-2.09,-5.32,-8.44,-4.00,16.00,-6.00,0.32,-0.46,-10.80,0.00,-1.00,0.00,
-0.89,-4.56,-11.26,-51.00,4.00,-9.00,0.38,-0.46,-10.84,0.00,-1.00,0.00,
-4.35,-7.81,-0.30,-6.00,-7.00,-4.00,0.41,-0.51,-10.81,0.00,-1.00,0.00,
-1.71,-0.07,-12.71,43.00,-23.00,-12.00,0.47,-0.46,-10.76,0.00,-1.00,0.00,
0.17,-0.41,-10.38,-1.00,0.00,0.00,0.35,-0.45,-10.82,0.00,-1.00,0.00,
0.18,-0.33,-10.38,-1.00,0.00,0.00,0.39,-0.46,-10.85,0.00,-1.00,0.00,
0.17,-0.32,-10.47,-1.00,0.00,0.00,0.35,-0.46,-10.91,0.00,-1.00,0.00,
0.18,-0.29,-10.37,-1.00,0.00,0.00,0.31,-0.46,-10.86,0.00,-1.00,0.00,
