-0.80,-2.91,-8.63,-1.00,0.00,0.00,
-0.86,-2.96,-8.65,-1.00,0.00,0.00,
-0.87,-2.96,-8.56,-1.00,0.00,0.00,
-0.84,-2.95,-8.59,-1.00,0.00,0.00,
-0.83,-2.90,-8.64,-1.00,0.00,0.00,
-0.87,-2.96,-8.58,-1.00,0.00,0.00,
-0.79,-2.92,-8.66,-1.00,0.00,0.00,
-0.87,-2.85,-8.59,-1.00,0.00,0.00,
-0.82,-2.91,-8.54,-1.00,0.00,0.00,
-0.84,-2.93,-8.64,-1.00,0.00,0.00,
-0.86,-2.89,-8.61,-1.00,0.00,0.00,
-0.83,-2.90,-8.64,-1.00,0.00,0.00,
-0.83,-2.87,-8.56,-1.00,0.00,0.00,
-0.84,-2.90,-8.61,-1.00,0.00,0.00,
-0.85,-2.89,-8.69,-1.00,0.00,0.00,
-0.80,-2.88,-8.66,-1.00,0.00,0.00,
-0.82,-2.89,-8.58,-1.00,0.00,0.00,
-0.84,-2.92,-8.61,-1.00,0.00,0.00,
-0.82,-2.91,-8.61,-1.00,0.00,0.00,
-0.90,-2.85,-8.59,-1.00,0.00,0.00,
-0.87,-2.90,-8.62,-1.00,0.00,0.00,
-0.84,-2.86,-8.59,-1.00,0.00,0.00,
-0.82,-2.94,-8.56,-1.00,0.00,0.00,
-0.81,-2.89,-8.55,-1.00,0.00,0.00,
-0.86,-2.97,-8.58,-1.00,0.00,0.00,
-0.85,-2.91,-8.67,-1.00,0.00,0.00,
-0.86,-2.95,-8.64,-1.00,0.00,0.00,
-0.81,-2.90,-8.67,-1.00,0.00,0.00,
-0.85,-2.91,-8.64,-1.00,0.00,0.00,
-0.81,-2.84,-8.64,-1.00,0.00,0.00,
-0.86,-2.86,-8.57,-1.00,0.00,0.00,
-0.87,-2.87,-8.55,-1.00,0.00,0.00,
-0.91,-2.86,-8.58,-1.00,0.00,0.00,
-0.80,-2.86,-8.60,-1.00,0.00,0.00,
-0.84,-2.92,-8.64,-1.00,0.00,0.00,
-0.85,-2.90,-8.62,-1.00,0.00,0.00,
-0.87,-2.92,-8.68,-1.00,0.00,0.00,
-0.85,-2.96,-8.66,-1.00,0.00,0.00,
-0.85,-2.87,-8.67,-1.00,0.00,0.00,
-0.81,-2.87,-8.58,-1.00,0.00,0.00,
-0.80,-2.85,-8.56,-1.00,0.00,0.00,
-0.81,-2.90,-8.63,-1.00,0.00,0.00,
-0.85,-2.89,-8.53,-1.00,0.00,0.00,
-0.89,-2.84,-8.58,-1.00,0.00,0.00,
-0.86,-2.89,-8.61,-1.00,0.00,0.00,
-0.85,-2.91,-8.60,-1.00,0.00,0.00,
-0.77,-2.89,-8.65,-1.00,0.00,0.00,
-0.80,-2.91,-8.61,-1.00,0.00,0.00,
-0.82,-2.91,-8.61,-1.00,0.00,0.00,
-0.86,-2.90,-8.57,-1.00,0.00,0.00,
-0.84,-2.96,-8.74,-1.00,0.00,0.00,
-0.80,-2.92,-8.68,-1.00,0.00,0.00,
-0.94,-2.91,-8.51,-1.00,0.00,0.00,
-0.81,-2.86,-8.63,-1.00,0.00,0.00,
-0.85,-2.87,-8.60,-1.00,0.00,0.00,
-0.84,-2.91,-8.63,-1.00,0.00,0.00,
-0.85,-2.93,-8.64,-1.00,0.00,0.00,
-0.88,-2.86,-8.65,-1.00,0.00,0.00,
-0.85,-2.88,-8.64,-1.00,0.00,0.00,
-0.87,-2.91,-8.62,-1.00,0.00,0.00,
-0.83,-2.96,-8.67,-1.00,0.00,0.00,
-0.87,-2.94,-8.70,-1.00,0.00,0.00,
-0.87,-2.90,-8.56,-1.00,0.00,0.00,
-0.78,-2.89,-8.57,-1.00,0.00,0.00,
-0.83,-2.86,-8.62,-1.00,0.00,0.00,
-0.86,-2.88,-8.61,-1.00,0.00,0.00,
-0.86,-2.91,-8.54,-1.00,0.00,0.00,
-0.83,-2.89,-8.61,-1.00,0.00,0.00,
-0.85,-2.87,-8.61,-1.00,0.00,0.00,
-0.90,-2.92,-8.55,-1.00,0.00,0.00,
-0.83,-2.89,-8.60,-1.00,0.00,0.00,
-0.86,-2.88,-8.73,-1.00,0.00,0.00,
-0.87,-2.94,-8.69,-1.00,0.00,0.00,
-0.87,-2.91,-8.63,-1.00,0.00,0.00,
-0.85,-2.90,-8.60,-1.00,0.00,0.00,
-0.85,-2.90,-8.60,-1.00,0.00,0.00,
-0.89,-2.88,-8.55,-1.00,0.00,0.00,
-0.84,-2.88,-8.57,-1.00,0.00,0.00,
-0.82,-2.84,-8.58,-1.00,0.00,0.00,
-0.82,-2.93,-8.60,-1.00,0.00,0.00,
-0.85,-2.91,-8.64,-1.00,0.00,0.00,
-0.92,-2.93,-8.59,-1.00,0.00,0.00,
-0.90,-2.91,-8.56,-1.00,0.00,0.00,
-0.86,-2.88,-8.62,-1.00,0.00,0.00,
-0.88,-2.89,-8.60,-1.00,0.00,0.00,
-0.83,-2.90,-8.65,-1.00,0.00,0.00,
-0.87,-2.91,-8.56,-1.00,0.00,0.00,
-0.87,-2.85,-8.53,-1.00,0.00,0.00,
-0.80,-2.86,-8.57,-1.00,0.00,0.00,
-0.83,-2.90,-8.58,-1.00,0.00,0.00,
-0.85,-2.90,-8.59,-1.00,0.00,0.00,
-0.86,-2.94,-8.60,-1.00,0.00,0.00,
-0.84,-2.89,-8.68,-1.00,0.00,0.00,
-0.82,-2.90,-8.57,-1.00,0.00,0.00,
-0.82,-2.92,-8.67,-1.00,0.00,0.00,
-0.84,-2.90,-8.56,-1.00,0.00,0.00,
-0.86,-2.93,-8.59,-1.00,0.00,0.00,
-0.83,-2.87,-8.54,-1.00,0.00,0.00,
-0.87,-2.93,-8.56,-1.00,0.00,0.00,
-0.85,-2.87,-8.59,-1.00,0.00,0.00,
-0.79,-2.85,-8.61,-1.00,0.00,0.00,
-0.82,-2.90,-8.57,-1.00,0.00,0.00,
-0.82,-2.93,-8.56,-1.00,0.00,0.00,
-0.81,-2.91,-8.59,-1.00,0.00,0.00,
-0.84,-2.87,-8.63,-1.00,0.00,0.00,
-0.82,-2.90,-8.59,-1.00,0.00,0.00,
-0.86,-2.89,-8.60,-1.00,0.00,0.00,
-0.83,-2.87,-8.68,-1.00,0.00,0.00,
-0.85,-2.88,-8.54,-1.00,0.00,0.00,
-0.87,-2.91,-8.66,-1.00,0.00,0.00,
-0.87,-2.86,-8.57,-1.00,0.00,0.00,
-0.84,-2.88,-8.59,-1.00,0.00,0.00,
-0.85,-2.88,-8.59,-1.00,0.00,0.00,
-0.85,-2.92,-8.62,-1.00,0.00,0.00,
-0.84,-2.88,-8.57,-1.00,0.00,0.00,
-0.85,-2.91,-8.48,-1.00,0.00,0.00,
-0.86,-2.91,-8.56,-1.00,0.00,0.00,
-0.85,-2.99,-8.63,-1.00,0.00,0.00,
-0.88,-2.92,-8.75,-1.00,0.00,0.00,
-0.84,-2.91,-8.57,-1.00,0.00,0.00,
-0.81,-2.97,-8.57,-1.00,0.00,0.00,
-0.87,-2.92,-8.58,-1.00,0.00,0.00,
-0.87,-2.93,-8.57,-1.00,0.00,0.00,
-0.87,-2.90,-8.70,-1.00,0.00,0.00,
-0.80,-2.87,-8.59,-1.00,0.00,0.00,
-0.82,-2.81,-8.61,-1.00,0.00,0.00,
-0.84,-2.85,-8.63,-1.00,0.00,0.00,
-0.93,-2.85,-8.59,-1.00,0.00,0.00,
-0.84,-2.89,-8.60,-1.00,0.00,0.00,
-0.85,-2.87,-8.54,-1.00,0.00,0.00,
-0.89,-2.92,-8.63,-1.00,0.00,0.00,
-0.84,-2.90,-8.62,-1.00,0.00,0.00,
-0.81,-2.85,-8.69,-1.00,0.00,0.00,
-0.81,-2.86,-8.57,-1.00,0.00,0.00,
-0.87,-2.92,-8.58,-1.00,0.00,0.00,
-0.85,-2.92,-8.53,-1.00,0.00,0.00,
-0.89,-2.85,-8.60,-1.00,0.00,0.00,
-0.86,-2.91,-8.72,-1.00,0.00,0.00,
-0.89,-2.85,-8.55,-1.00,0.00,0.00,
-0.88,-2.90,-8.71,-1.00,0.00,0.00,
-0.85,-2.87,-8.59,-1.00,0.00,0.00,
-0.86,-2.86,-8.58,-1.00,0.00,0.00,
-0.85,-2.94,-8.61,-1.00,0.00,0.00,
-0.87,-2.94,-8.67,-1.00,0.00,0.00,
-0.83,-2.92,-8.63,-1.00,0.00,0.00,
-0.86,-2.93,-8.64,-1.00,0.00,0.00,
-0.85,-2.89,-8.61,-1.00,0.00,0.00,
-0.93,-2.92,-8.66,-1.00,0.00,0.00,
-0.82,-2.89,-8.64,-1.00,0.00,0.00,
-0.86,-2.91,-8.61,-1.00,0.00,0.00,
-0.80,-2.83,-8.50,-1.00,0.00,0.00,
-0.83,-2.84,-8.62,-1.00,0.00,0.00,
-0.87,-2.93,-8.70,-1.00,0.00,0.00,
-0.83,-2.89,-8.61,-1.00,0.00,0.00,
-0.86,-2.94,-8.57,-1.00,0.00,0.00,
-0.86,-2.94,-8.64,-1.00,0.00,0.00,
-0.84,-2.87,-8.66,-1.00,0.00,0.00,
-0.80,-2.92,-8.69,-1.00,0.00,0.00,
-0.84,-2.94,-8.58,-1.00,0.00,0.00,
-0.86,-2.89,-8.57,-1.00,0.00,0.00,
-0.87,-2.86,-8.58,-1.00,0.00,0.00,
-0.83,-2.85,-8.62,-1.00,0.00,0.00,
-0.87,-2.89,-8.55,-1.00,0.00,0.00,
-0.76,-2.87,-8.62,-1.00,0.00,0.00,
-0.88,-2.95,-8.53,-1.00,0.00,0.00,
-0.88,-2.97,-8.65,-1.00,0.00,0.00,
-0.86,-2.90,-8.64,-1.00,0.00,0.00,
-0.83,-2.91,-8.57,-1.00,0.00,0.00,
-0.88,-2.90,-8.59,-1.00,0.00,0.00,
-0.80,-2.88,-8.65,-1.00,0.00,0.00,
-0.88,-2.90,-8.61,-1.00,0.00,0.00,
-0.85,-2.80,-8.57,-1.00,0.00,0.00,
-0.81,-2.89,-8.56,-1.00,0.00,0.00,
-0.86,-2.91,-8.54,-1.00,0.00,0.00,
-0.77,-2.89,-8.65,-1.00,0.00,0.00,
-0.87,-2.92,-8.55,-1.00,0.00,0.00,
-0.86,-2.94,-8.57,-1.00,0.00,0.00,
-0.88,-2.97,-8.68,-1.00,0.00,0.00,
-0.89,-2.88,-8.57,-1.00,0.00,0.00,
-0.87,-2.91,-8.58,-1.00,0.00,0.00,
-0.85,-2.93,-8.58,-1.00,0.00,0.00,
-0.84,-2.89,-8.64,-1.00,0.00,0.00,
-0.80,-2.88,-8.54,-1.00,0.00,0.00,
-0.86,-2.85,-8.60,-1.00,0.00,0.00,
-0.89,-2.88,-8.57,-1.00,0.00,0.00,
-0.87,-2.87,-8.57,-1.00,0.00,0.00,
-0.82,-2.90,-8.58,-1.00,0.00,0.00,
-0.84,-2.95,-8.67,-1.00,0.00,0.00,
-0.91,-2.89,-8.61,-1.00,0.00,0.00,
-0.82,-2.87,-8.68,-1.00,0.00,0.00,
-0.86,-2.95,-8.64,-1.00,0.00,0.00,
-0.86,-2.94,-8.70,-1.00,0.00,0.00,
-0.84,-2.91,-8.73,-1.00,0.00,0.00,
-0.78,-2.91,-8.56,-1.00,0.00,0.00,
-0.88,-2.84,-8.57,-1.00,0.00,0.00,
-0.85,-2.90,-8.58,-1.00,0.00,0.00,
-0.86,-2.91,-8.59,-1.00,0.00,0.00,
-0.88,-2.89,-8.55,-1.00,0.00,0.00,
-0.90,-2.94,-8.55,-1.00,0.00,0.00,
-0.88,-2.85,-8.58,-1.00,0.00,0.00,
-0.92,-2.93,-8.59,-1.00,0.00,0.00,
-0.86,-2.94,-8.63,-1.00,0.00,0.00,
-0.84,-2.86,-8.66,-1.00,0.00,0.00,
-0.91,-2.89,-8.71,-1.00,0.00,0.00,
-0.88,-2.89,-8.60,-1.00,0.00,0.00,
-0.80,-2.93,-8.64,-1.00,0.00,0.00,
-0.89,-2.83,-8.52,-1.00,0.00,0.00,
-0.84,-2.80,-8.60,-1.00,0.00,0.00,
-0.86,-2.83,-8.52,-1.00,0.00,0.00,
-0.81,-2.91,-8.60,-1.00,0.00,0.00,
-0.89,-2.90,-8.63,-1.00,0.00,0.00,
-0.87,-2.97,-8.56,-1.00,0.00,0.00,
-0.87,-2.93,-8.61,-1.00,0.00,0.00,
-0.85,-2.93,-8.60,-1.00,0.00,0.00,
-0.89,-2.93,-8.56,-1.00,0.00,0.00,
-0.87,-2.88,-8.67,-1.00,0.00,0.00,
-0.85,-2.90,-8.56,-1.00,0.00,0.00,
-0.79,-2.89,-8.64,-1.00,0.00,0.00,
-0.88,-2.87,-8.56,-1.00,0.00,0.00,
-0.90,-2.88,-8.56,-1.00,0.00,0.00,
-0.90,-2.90,-8.61,-1.00,0.00,0.00,
-0.79,-2.85,-8.64,-1.00,0.00,0.00,
-0.82,-2.87,-8.62,-1.00,0.00,0.00,
-0.86,-2.89,-8.67,-1.00,0.00,0.00,
-0.86,-2.92,-8.62,-1.00,0.00,0.00,
-0.87,-2.88,-8.58,-1.00,0.00,0.00,
-0.80,-2.91,-8.65,-1.00,0.00,0.00,
-0.83,-2.87,-8.67,-1.00,0.00,0.00,
-0.88,-2.96,-8.66,-1.00,0.00,0.00,
-0.80,-2.87,-8.56,-1.00,0.00,0.00,
-0.83,-2.90,-8.55,-1.00,0.00,0.00,
-0.82,-2.89,-8.64,-1.00,0.00,0.00,
-0.80,-2.96,-8.61,-1.00,0.00,0.00,
-0.84,-2.86,-8.63,-1.00,0.00,0.00,
-0.88,-2.89,-8.60,-1.00,0.00,0.00,
-0.87,-2.84,-8.56,-1.00,0.00,0.00,
-0.85,-2.90,-8.62,-1.00,0.00,0.00,
-0.85,-2.88,-8.64,-1.00,0.00,0.00,
-0.88,-2.89,-8.60,-1.00,0.00,0.00,
-0.82,-2.97,-8.65,-1.00,0.00,0.00,
-0.86,-2.91,-8.62,-1.00,0.00,0.00,
-0.85,-2.87,-8.57,-1.00,0.00,0.00,
-0.86,-2.85,-8.62,-1.00,0.00,0.00,
-0.87,-2.91,-8.61,-1.00,0.00,0.00,
-0.91,-2.93,-8.67,-1.00,0.00,0.00,
-0.83,-2.99,-8.61,-1.00,0.00,0.00,
-0.82,-2.93,-8.60,-1.00,0.00,0.00,
-0.89,-2.89,-8.65,-1.00,0.00,0.00,
-0.82,-2.94,-8.64,-1.00,0.00,0.00,
-0.84,-2.93,-8.67,-1.00,0.00,0.00,
-0.87,-2.93,-8.63,-1.00,0.00,0.00,
-0.85,-2.92,-8.69,-1.00,0.00,0.00,
-0.82,-2.90,-8.59,-1.00,0.00,0.00,
-0.88,-2.87,-8.56,-1.00,0.00,0.00,
-0.82,-2.88,-8.53,-1.00,0.00,0.00,
-0.84,-2.91,-8.54,-1.00,0.00,0.00,
-0.86,-2.86,-8.64,-1.00,0.00,0.00,
-0.87,-2.85,-8.59,-1.00,0.00,0.00,
-0.82,-2.87,-8.57,-1.00,0.00,0.00,
-0.83,-2.96,-8.59,-1.00,0.00,0.00,
-0.86,-2.95,-8.71,-1.00,0.00,0.00,
-0.76,-2.91,-8.70,-1.00,0.00,0.00,
-0.81,-2.97,-8.64,-1.00,0.00,0.00,
-0.91,-2.91,-8.59,-1.00,0.00,0.00,
-0.85,-2.91,-8.63,-1.00,0.00,0.00,
-0.86,-2.87,-8.54,-1.00,0.00,0.00,
-0.85,-2.93,-8.57,-1.00,0.00,0.00,
-0.81,-2.92,-8.50,-1.00,0.00,0.00,
-0.88,-2.91,-8.55,-1.00,0.00,0.00,
-0.83,-2.85,-8.61,-1.00,0.00,0.00,
-0.83,-2.88,-8.60,-1.00,0.00,0.00,
-0.86,-2.96,-8.59,-1.00,0.00,0.00,
-0.93,-2.90,-8.61,-1.00,0.00,0.00,
-0.86,-2.89,-8.68,-1.00,0.00,0.00,
-0.86,-2.89,-8.62,-1.00,0.00,0.00,
-0.84,-2.93,-8.72,-1.00,0.00,0.00,
-0.85,-2.87,-8.58,-1.00,0.00,0.00,
-0.88,-2.89,-8.58,-1.00,0.00,0.00,
-0.89,-2.93,-8.56,-1.00,0.00,0.00,
-0.77,-2.85,-8.58,-1.00,0.00,0.00,
-0.82,-2.92,-8.61,-1.00,0.00,0.00,
-0.83,-2.87,-8.65,-1.00,0.00,0.00,
-0.81,-2.93,-8.56,-1.00,0.00,0.00,
-0.84,-2.88,-8.63,-1.00,0.00,0.00,
-0.87,-2.89,-8.66,-1.00,0.00,0.00,
-0.82,-2.90,-8.66,-1.00,0.00,0.00,
-0.92,-2.88,-8.63,-1.00,0.00,0.00,
-0.88,-2.93,-8.56,-1.00,0.00,0.00,
-0.85,-2.88,-8.56,-1.00,0.00,0.00,
-0.84,-2.88,-8.63,-1.00,0.00,0.00,
-0.87,-2.91,-8.63,-1.00,0.00,0.00,
-0.83,-2.83,-8.49,-1.00,0.00,0.00,
-0.88,-2.91,-8.67,-1.00,0.00,0.00,
-0.82,-2.89,-8.65,-1.00,0.00,0.00,
-0.84,-2.91,-8.57,-1.00,0.00,0.00,
-0.85,-2.94,-8.63,-1.00,0.00,0.00,
-0.87,-2.93,-8.70,-1.00,0.00,0.00,
-0.83,-2.88,-8.63,-1.00,0.00,0.00,
-0.92,-2.97,-8.63,-1.00,0.00,0.00,
-0.86,-2.93,-8.60,-1.00,0.00,0.00,
-0.83,-2.89,-8.61,-1.00,0.00,0.00,
-0.86,-2.86,-8.61,-1.00,0.00,0.00,
-0.85,-2.91,-8.63,-1.00,0.00,0.00,
-0.88,-2.91,-8.64,-1.00,0.00,0.00,
-0.81,-2.94,-8.60,-1.00,0.00,0.00,
-0.86,-2.91,-8.68,-1.00,0.00,0.00,
-0.81,-2.86,-8.65,-1.00,0.00,0.00,
-0.78,-2.90,-8.62,-1.00,0.00,0.00,
-0.77,-2.91,-8.59,-1.00,0.00,0.00,
-0.86,-2.98,-8.60,-1.00,0.00,0.00,
-0.87,-2.91,-8.54,-1.00,0.00,0.00,
-0.81,-2.88,-8.67,-1.00,0.00,0.00,
-0.94,-2.93,-8.58,-1.00,0.00,0.00,
-0.81,-2.90,-8.62,-1.00,0.00,0.00,
-0.86,-2.88,-8.58,-1.00,0.00,0.00,
-0.84,-2.88,-8.62,-1.00,0.00,0.00,
-0.86,-2.89,-8.61,-1.00,0.00,0.00,
-0.87,-2.89,-8.59,-1.00,0.00,0.00,
-0.81,-2.98,-8.61,-1.00,0.00,0.00,
-0.87,-2.92,-8.62,-1.00,0.00,0.00,
-0.86,-2.92,-8.56,-1.00,0.00,0.00,
-0.83,-2.92,-8.60,-1.00,0.00,0.00,
-0.87,-2.93,-8.58,-1.00,0.00,0.00,
-0.85,-2.86,-8.54,-1.00,0.00,0.00,
-0.86,-2.85,-8.64,-1.00,0.00,0.00,
-0.84,-2.94,-8.59,-1.00,0.00,0.00,
-0.82,-2.96,-8.54,-1.00,0.00,0.00,
-0.88,-2.94,-8.59,-1.00,0.00,0.00,
-0.83,-2.89,-8.58,-1.00,0.00,0.00,
-0.84,-2.95,-8.64,-1.00,0.00,0.00,
-0.85,-2.92,-8.68,-1.00,0.00,0.00,
-0.82,-2.96,-8.61,-1.00,0.00,0.00,
-0.84,-2.90,-8.54,-1.00,0.00,0.00,
-0.89,-2.88,-8.58,-1.00,0.00,0.00,
-0.85,-2.90,-8.57,-1.00,0.00,0.00,
-0.82,-2.89,-8.62,-1.00,0.00,0.00,
-0.83,-2.88,-8.56,-1.00,0.00,0.00,
-0.85,-2.86,-8.57,-1.00,0.00,0.00,
-0.86,-2.86,-8.65,-1.00,0.00,0.00,
-0.80,-2.86,-8.61,-1.00,0.00,0.00,
-0.84,-2.92,-8.64,-1.00,0.00,0.00,
-0.86,-2.90,-8.58,-1.00,0.00,0.00,
-0.93,-2.92,-8.62,-1.00,0.00,0.00,
-0.87,-2.90,-8.62,-1.00,0.00,0.00,
-0.83,-2.96,-8.59,-1.00,0.00,0.00,
-0.86,-2.93,-8.64,-1.00,0.00,0.00,
-0.87,-2.93,-8.59,-1.00,0.00,0.00,
-0.78,-2.92,-8.56,-1.00,0.00,0.00,
-0.85,-2.85,-8.55,-1.00,0.00,0.00,
-0.86,-2.92,-8.48,-1.00,0.00,0.00,
-0.84,-2.90,-8.51,-1.00,0.00,0.00,
-0.78,-2.91,-8.62,-1.00,0.00,0.00,
-0.81,-2.91,-8.53,-1.00,0.00,0.00,
-0.86,-2.91,-8.60,-1.00,0.00,0.00,
-0.80,-2.96,-8.60,-1.00,0.00,0.00,
-0.87,-2.94,-8.62,-1.00,0.00,0.00,
-0.89,-2.89,-8.59,-1.00,0.00,0.00,
-0.88,-2.98,-8.59,-1.00,0.00,0.00,
-0.86,-2.87,-8.63,-1.00,0.00,0.00,
-0.89,-2.85,-8.64,-1.00,0.00,0.00,
-0.87,-2.87,-8.61,-1.00,0.00,0.00,
-0.85,-2.87,-8.60,-1.00,0.00,0.00,
-0.83,-2.86,-8.61,-1.00,0.00,0.00,
-0.82,-2.91,-8.63,-1.00,0.00,0.00,
-0.85,-2.92,-8.63,-1.00,0.00,0.00,
-0.87,-2.96,-8.64,-1.00,0.00,0.00,
-0.87,-2.88,-8.67,-1.00,0.00,0.00,
-0.94,-2.91,-8.62,-1.00,0.00,0.00,
-0.83,-2.94,-8.60,-1.00,0.00,0.00,
-0.81,-2.86,-8.59,-1.00,0.00,0.00,
-0.82,-2.89,-8.61,-1.00,0.00,0.00,
-0.83,-2.90,-8.50,-1.00,0.00,0.00,
-0.81,-2.90,-8.58,-1.00,0.00,0.00,
-0.88,-2.83,-8.61,-1.00,0.00,0.00,
-0.89,-2.88,-8.65,-1.00,0.00,0.00,
-0.86,-2.92,-8.56,-1.00,0.00,0.00,
-0.86,-2.97,-8.64,-1.00,0.00,0.00,
-0.80,-2.92,-8.62,-1.00,0.00,0.00,
-0.82,-2.88,-8.67,-1.00,0.00,0.00,
-0.86,-2.88,-8.65,-1.00,0.00,0.00,
-0.85,-2.88,-8.58,-1.00,0.00,0.00,
-0.81,-2.88,-8.56,-1.00,0.00,0.00,
-0.85,-2.88,-8.59,-1.00,0.00,0.00,
-0.86,-2.92,-8.50,-1.00,0.00,0.00,
-0.85,-2.86,-8.55,-1.00,0.00,0.00,
-0.88,-2.90,-8.61,-1.00,0.00,0.00,
-0.81,-2.87,-8.54,-1.00,0.00,0.00,
-0.84,-2.94,-8.65,-1.00,0.00,0.00,
-0.92,-2.89,-8.65,-1.00,0.00,0.00,
-0.87,-2.96,-8.67,-1.00,0.00,0.00,
-0.85,-2.96,-8.55,-1.00,0.00,0.00,
-0.83,-2.89,-8.57,-1.00,0.00,0.00,
-0.88,-2.89,-8.61,-1.00,0.00,0.00,
-0.86,-2.86,-8.64,-1.00,0.00,0.00,
-0.83,-2.91,-8.65,-1.00,0.00,0.00,
-0.79,-2.87,-8.56,-1.00,0.00,0.00,
-0.87,-2.87,-8.53,-1.00,0.00,0.00,
-0.84,-2.86,-8.60,-1.00,0.00,0.00,
-0.86,-2.95,-8.69,-1.00,0.00,0.00,
-0.77,-2.90,-8.71,-1.00,0.00,0.00,
-0.82,-2.91,-8.63,-1.00,0.00,0.00,
-0.86,-2.93,-8.61,-1.00,0.00,0.00,
-0.82,-2.94,-8.67,-1.00,0.00,0.00,
-0.82,-2.95,-8.67,-1.00,0.00,0.00,
-0.80,-2.91,-8.60,-1.00,0.00,0.00,
-0.82,-2.92,-8.53,-1.00,0.00,0.00,
-0.84,-2.86,-8.49,-1.00,0.00,0.00,
-0.85,-2.86,-8.58,-1.00,0.00,0.00,
-0.93,-2.86,-8.59,-1.00,0.00,0.00,
-0.79,-2.87,-8.65,-1.00,0.00,0.00,
-0.85,-2.94,-8.57,-1.00,0.00,0.00,
-0.80,-2.88,-8.62,-1.00,0.00,0.00,
-0.84,-2.95,-8.67,-1.00,0.00,0.00,
-0.77,-2.93,-8.61,-1.00,0.00,0.00,
-0.87,-2.93,-8.64,-1.00,0.00,0.00,
-0.83,-2.90,-8.66,-1.00,0.00,0.00,
-0.79,-2.90,-8.56,-1.00,0.00,0.00,
-0.88,-2.93,-8.53,-1.00,0.00,0.00,
-0.88,-2.85,-8.58,-1.00,0.00,0.00,
-0.78,-2.91,-8.60,-1.00,0.00,0.00,
-0.83,-2.90,-8.61,-1.00,0.00,0.00,
-0.80,-2.88,-8.61,-1.00,0.00,0.00,
-0.84,-2.87,-8.59,-1.00,0.00,0.00,
-0.88,-2.89,-8.56,-1.00,0.00,0.00,
-0.85,-2.90,-8.67,-1.00,0.00,0.00,
-0.84,-2.85,-8.58,-1.00,0.00,0.00,
-0.84,-2.92,-8.63,-1.00,0.00,0.00,
-0.83,-2.88,-8.60,-1.00,0.00,0.00,
-0.80,-2.89,-8.56,-1.00,0.00,0.00,
-0.79,-2.92,-8.54,-1.00,0.00,0.00,
-0.84,-2.88,-8.68,-1.00,0.00,0.00,
-0.88,-2.90,-8.56,-1.00,0.00,0.00,
-0.85,-2.92,-8.56,-1.00,0.00,0.00,
-0.81,-2.89,-8.63,-1.00,0.00,0.00,
-0.86,-2.93,-8.51,-1.00,0.00,0.00,
-0.85,-2.92,-8.66,-1.00,0.00,0.00,
-0.82,-2.93,-8.70,-1.00,0.00,0.00,
-0.82,-2.91,-8.64,-1.00,0.00,0.00,
-0.89,-2.91,-8.63,-1.00,0.00,0.00,
-0.81,-2.93,-8.68,-1.00,0.00,0.00,
-0.81,-2.88,-8.63,-1.00,0.00,0.00,
-0.85,-2.87,-8.59,-1.00,0.00,0.00,
-0.86,-2.89,-8.52,-1.00,0.00,0.00,
-0.88,-2.88,-8.55,-1.00,0.00,0.00,
-0.87,-2.88,-8.56,-1.00,0.00,0.00,
-0.86,-2.88,-8.60,-1.00,0.00,0.00,
-0.86,-2.88,-8.65,-1.00,0.00,0.00,
-0.80,-2.94,-8.60,-1.00,0.00,0.00,
-0.82,-2.95,-8.62,-1.00,0.00,0.00,
-0.82,-2.92,-8.60,-1.00,0.00,0.00,
-0.85,-2.94,-8.65,-1.00,0.00,0.00,
-0.80,-2.84,-8.61,-1.00,0.00,0.00,
-0.86,-2.92,-8.63,-1.00,0.00,0.00,
-0.85,-2.89,-8.58,-1.00,0.00,0.00,
-0.89,-2.87,-8.71,-1.00,0.00,0.00,
-0.82,-2.89,-8.57,-1.00,0.00,0.00,
-0.80,-2.92,-8.55,-1.00,0.00,0.00,
-0.80,-2.89,-8.59,-1.00,0.00,0.00,
-0.84,-2.91,-8.63,-1.00,0.00,0.00,
-0.84,-2.94,-8.62,-1.00,0.00,0.00,
-0.85,-2.91,-8.72,-1.00,0.00,0.00,
-0.85,-2.95,-8.72,-1.00,0.00,0.00,
-0.86,-2.94,-8.65,-1.00,0.00,0.00,
-0.86,-2.95,-8.62,-1.00,0.00,0.00,
-0.81,-2.89,-8.55,-1.00,0.00,0.00,
-0.81,-2.86,-8.56,-1.00,0.00,0.00,
-0.87,-2.90,-8.58,-1.00,0.00,0.00,
-0.80,-2.90,-8.63,-1.00,0.00,0.00,
-0.87,-2.91,-8.59,-1.00,0.00,0.00,
-0.83,-2.94,-8.54,-1.00,0.00,0.00,
-0.84,-2.86,-8.58,-1.00,0.00,0.00,
-0.85,-2.92,-8.62,-1.00,0.00,0.00,
-0.88,-3.01,-8.56,-1.00,0.00,0.00,
-0.86,-2.91,-8.64,-1.00,0.00,0.00,
-0.79,-2.96,-8.62,-1.00,0.00,0.00,
-0.85,-2.85,-8.55,-1.00,0.00,0.00,
-0.88,-2.84,-8.49,-1.00,0.00,0.00,
-0.86,-2.90,-8.67,-1.00,0.00,0.00,
-0.90,-2.88,-8.58,-1.00,0.00,0.00,
-0.88,-2.89,-8.58,-1.00,0.00,0.00,
-0.82,-2.90,-8.68,-1.00,0.00,0.00,
-0.88,-2.87,-8.57,-1.00,0.00,0.00,
-0.88,-2.94,-8.67,-1.00,0.00,0.00,
-0.85,-2.95,-8.62,-1.00,0.00,0.00,
-0.84,-2.96,-8.62,-1.00,0.00,0.00,
-0.86,-2.88,-8.65,-1.00,0.00,0.00,
-0.84,-2.91,-8.66,-1.00,0.00,0.00,
-0.87,-2.93,-8.66,-1.00,0.00,0.00,
-0.88,-2.83,-8.58,-1.00,0.00,0.00,
-0.89,-2.92,-8.58,-1.00,0.00,0.00,
-0.80,-2.83,-8.61,-1.00,0.00,0.00,
-0.82,-2.89,-8.58,-1.00,0.00,0.00,
-0.86,-2.86,-8.53,-1.00,0.00,0.00,
-0.89,-2.91,-8.65,-1.00,0.00,0.00,
-0.84,-2.87,-8.67,-1.00,0.00,0.00,
-0.83,-2.92,-8.61,-1.00,0.00,0.00,
-0.89,-2.94,-8.64,-1.00,0.00,0.00,
-0.85,-2.86,-8.60,-1.00,0.00,0.00,
-0.82,-2.93,-8.54,-1.00,0.00,0.00,
-0.83,-2.92,-8.53,-1.00,0.00,0.00,
-0.88,-2.88,-8.54,-1.00,0.00,0.00,
-0.92,-2.79,-8.57,-1.00,0.00,0.00,
-0.81,-2.87,-8.55,-1.00,0.00,0.00,
-0.84,-2.92,-8.59,-1.00,0.00,0.00,
-0.86,-2.87,-8.62,-1.00,0.00,0.00,
-0.85,-2.93,-8.64,-1.00,0.00,0.00,
-0.82,-2.94,-8.59,-1.00,0.00,0.00,
-0.83,-2.87,-8.67,-1.00,0.00,0.00,
-0.83,-2.89,-8.57,-1.00,0.00,0.00,
-0.87,-2.96,-8.64,-1.00,0.00,0.00,
-0.86,-2.95,-8.53,-1.00,0.00,0.00,
-0.86,-2.86,-8.56,-1.00,0.00,0.00,
-0.87,-2.94,-8.65,-1.00,0.00,0.00,
-0.86,-2.87,-8.55,-1.00,0.00,0.00,
-0.82,-2.85,-8.61,-1.00,0.00,0.00,
-0.86,-2.88,-8.57,-1.00,0.00,0.00,
-0.86,-2.89,-8.61,-1.00,0.00,0.00,
-0.84,-2.89,-8.60,-1.00,0.00,0.00,
-0.87,-2.88,-8.58,-1.00,0.00,0.00,
-0.86,-2.90,-8.57,-1.00,0.00,0.00,
-0.87,-2.90,-8.64,-1.00,0.00,0.00,
-0.82,-2.88,-8.60,-1.00,0.00,0.00,
-0.86,-2.84,-8.64,-1.00,0.00,0.00,
-0.83,-2.89,-8.52,-1.00,0.00,0.00,
-0.87,-2.88,-8.49,-1.00,0.00,0.00,
-0.84,-2.85,-8.56,-1.00,0.00,0.00,
-0.80,-2.91,-8.61,-1.00,0.00,0.00,
-0.82,-2.94,-8.61,-1.00,0.00,0.00,
-0.88,-2.87,-8.62,-1.00,0.00,0.00,
-0.78,-2.90,-8.61,-1.00,0.00,0.00,
-0.88,-2.92,-8.60,-1.00,0.00,0.00,
-0.85,-2.94,-8.67,-1.00,0.00,0.00,
-0.84,-2.96,-8.57,-1.00,0.00,0.00,
-0.83,-2.90,-8.59,-1.00,0.00,0.00,
-0.88,-2.85,-8.66,-1.00,0.00,0.00,
-0.90,-2.94,-8.54,-1.00,0.00,0.00,
-0.80,-2.89,-8.59,-1.00,0.00,0.00,
-0.85,-2.92,-8.52,-1.00,0.00,0.00,
-0.84,-2.90,-8.59,-1.00,0.00,0.00,
-0.85,-2.89,-8.62,-1.00,0.00,0.00,
-0.85,-2.91,-8.59,-1.00,0.00,0.00,
-0.83,-2.92,-8.66,-1.00,0.00,0.00,
-0.86,-2.97,-8.67,-1.00,0.00,0.00,
-0.86,-2.95,-8.63,-1.00,0.00,0.00,
-0.87,-2.97,-8.57,-1.00,0.00,0.00,
-0.81,-2.92,-8.61,-1.00,0.00,0.00,
-0.87,-2.89,-8.64,-1.00,0.00,0.00,
-0.81,-2.88,-8.68,-1.00,0.00,0.00,
-0.90,-2.88,-8.58,-1.00,0.00,0.00,
-0.86,-2.93,-8.61,-1.00,0.00,0.00,
-0.84,-2.89,-8.56,-1.00,0.00,0.00,
-0.86,-2.83,-8.66,-1.00,0.00,0.00,
-0.86,-2.92,-8.65,-1.00,0.00,0.00,
-0.87,-2.96,-8.65,-1.00,0.00,0.00,
-0.86,-2.91,-8.64,-1.00,0.00,0.00,
-0.89,-2.96,-8.60,-1.00,0.00,0.00,
-0.91,-2.85,-8.63,-1.00,0.00,0.00,
-0.83,-2.89,-8.67,-1.00,0.00,0.00,
-0.88,-2.92,-8.61,-1.00,0.00,0.00,
-0.80,-2.91,-8.58,-1.00,0.00,0.00,
-0.87,-2.90,-8.58,-1.00,0.00,0.00,
-0.84,-2.95,-8.50,-1.00,0.00,0.00,
-0.82,-2.90,-8.62,-1.00,0.00,0.00,
-0.85,-2.90,-8.66,-1.00,0.00,0.00,
-0.86,-2.86,-8.49,-1.00,0.00,0.00,
-0.85,-2.91,-8.61,-1.00,0.00,0.00,
-0.82,-2.92,-8.63,-1.00,0.00,0.00,
-0.81,-2.93,-8.62,-1.00,0.00,0.00,
-0.88,-2.93,-8.60,-1.00,0.00,0.00,
-0.85,-2.91,-8.62,-1.00,0.00,0.00,
-0.83,-2.92,-8.58,-1.00,0.00,0.00,
-0.80,-2.89,-8.60,-1.00,0.00,0.00,
-0.86,-2.85,-8.53,-1.00,0.00,0.00,
-0.89,-2.90,-8.63,-1.00,0.00,0.00,
-0.84,-2.90,-8.65,-1.00,0.00,0.00,
-0.84,-2.92,-8.61,-1.00,0.00,0.00,
-0.83,-2.94,-8.62,-1.00,0.00,0.00,
-0.88,-2.86,-8.66,-1.00,0.00,0.00,
-0.82,-2.97,-8.63,-1.00,0.00,0.00,
-0.87,-2.90,-8.60,-1.00,0.00,0.00,
-0.82,-2.89,-8.61,-1.00,0.00,0.00,
-0.82,-2.86,-8.61,-1.00,0.00,0.00,
-0.86,-2.86,-8.60,-1.00,0.00,0.00,
-0.83,-2.87,-8.64,-1.00,0.00,0.00,
-0.87,-2.94,-8.59,-1.00,0.00,0.00,
-0.84,-2.95,-8.62,-1.00,0.00,0.00,
-0.86,-2.93,-8.63,-1.00,0.00,0.00,
-0.86,-2.93,-8.68,-1.00,0.00,0.00,
-0.82,-2.92,-8.70,-1.00,0.00,0.00,
-0.85,-2.91,-8.69,-1.00,0.00,0.00,
-0.81,-2.90,-8.63,-1.00,0.00,0.00,
-0.82,-2.90,-8.66,-1.00,0.00,0.00,
-0.87,-2.86,-8.63,-1.00,0.00,0.00,
-0.84,-2.91,-8.61,-1.00,0.00,0.00,
-0.86,-2.92,-8.54,-1.00,0.00,0.00,
-0.91,-2.92,-8.60,-1.00,0.00,0.00,
-0.78,-2.90,-8.58,-1.00,0.00,0.00,
-0.88,-2.93,-8.59,-1.00,0.00,0.00,
-0.86,-2.90,-8.70,-1.00,0.00,0.00,
-0.81,-2.97,-8.50,-1.00,0.00,0.00,
-0.87,-2.94,-8.58,-1.00,0.00,0.00,
-0.79,-2.93,-8.65,-1.00,0.00,0.00,
-0.82,-2.92,-8.65,-1.00,0.00,0.00,
-0.90,-2.88,-8.57,-1.00,0.00,0.00,
-0.82,-2.92,-8.62,-1.00,0.00,0.00,
-0.84,-2.89,-8.60,-1.00,0.00,0.00,
-0.89,-2.90,-8.60,-1.00,0.00,0.00,
-0.87,-2.88,-8.57,-1.00,0.00,0.00,
-0.81,-2.90,-8.61,-1.00,0.00,0.00,
-0.87,-2.85,-8.62,-1.00,0.00,0.00,
-0.84,-2.95,-8.62,-1.00,0.00,0.00,
-0.82,-2.88,-8.59,-1.00,0.00,0.00,
-0.86,-2.86,-8.66,-1.00,0.00,0.00,
-0.85,-2.89,-8.54,-1.00,0.00,0.00,
-0.81,-2.92,-8.61,-1.00,0.00,0.00,
-0.83,-2.82,-8.57,-1.00,0.00,0.00,
-0.81,-2.93,-8.65,-1.00,0.00,0.00,
-0.87,-2.94,-8.59,-1.00,0.00,0.00,
-0.86,-2.91,-8.57,-1.00,0.00,0.00,
-0.85,-2.88,-8.54,-1.00,0.00,0.00,
-0.89,-2.84,-8.56,-1.00,0.00,0.00,
-0.83,-2.93,-8.58,-1.00,0.00,0.00,
-0.84,-2.94,-8.64,-1.00,0.00,0.00,
-0.86,-2.95,-8.65,-1.00,0.00,0.00,
-0.88,-2.92,-8.65,-1.00,0.00,0.00,
-0.84,-2.93,-8.70,-1.00,0.00,0.00,
-0.81,-2.92,-8.57,-1.00,0.00,0.00,
-0.83,-2.93,-8.57,-1.00,0.00,0.00,
-0.84,-2.85,-8.56,-1.00,0.00,0.00,
-0.83,-2.89,-8.56,-1.00,0.00,0.00,
-0.86,-2.90,-8.61,-1.00,0.00,0.00,
-0.80,-2.91,-8.60,-1.00,0.00,0.00,
-0.84,-2.87,-8.63,-1.00,0.00,0.00,
-0.86,-2.90,-8.58,-1.00,0.00,0.00,
-0.87,-2.88,-8.58,-1.00,0.00,0.00,
-0.85,-2.89,-8.67,-1.00,0.00,0.00,
-0.84,-2.91,-8.71,-1.00,0.00,0.00,
-0.86,-2.98,-8.54,-1.00,0.00,0.00,
-0.83,-2.90,-8.62,-1.00,0.00,0.00,
-0.86,-2.86,-8.60,-1.00,0.00,0.00,
-0.82,-2.87,-8.62,-1.00,0.00,0.00,
-0.77,-2.90,-8.59,-1.00,0.00,0.00,
-0.90,-2.90,-8.65,-1.00,0.00,0.00,
-0.87,-2.94,-8.58,-1.00,0.00,0.00,
-0.89,-2.89,-8.60,-1.00,0.00,0.00,
-0.89,-2.91,-8.64,-1.00,0.00,0.00,
-0.79,-2.92,-8.68,-1.00,0.00,0.00,
-0.80,-2.93,-8.51,-1.00,0.00,0.00,
-0.87,-2.97,-8.59,-1.00,0.00,0.00,
-0.85,-2.88,-8.60,-1.00,0.00,0.00,
-0.81,-2.95,-8.62,-1.00,0.00,0.00,
-0.80,-2.94,-8.61,-1.00,0.00,0.00,
-0.83,-2.90,-8.55,-1.00,0.00,0.00,
-0.85,-2.82,-8.61,-1.00,0.00,0.00,
-0.85,-2.87,-8.65,-1.00,0.00,0.00,
-0.84,-2.92,-8.58,-1.00,0.00,0.00,
-0.84,-2.92,-8.63,-1.00,0.00,0.00,
-0.85,-2.90,-8.59,-1.00,0.00,0.00,
-0.85,-2.93,-8.63,-1.00,0.00,0.00,
-0.91,-2.89,-8.61,-1.00,0.00,0.00,
-0.84,-2.90,-8.57,-1.00,0.00,0.00,
-0.81,-2.93,-8.65,-1.00,0.00,0.00,
-0.83,-2.90,-8.55,-1.00,0.00,0.00,
-0.86,-2.89,-8.58,-1.00,0.00,0.00,
-0.87,-2.88,-8.58,-1.00,0.00,0.00,
-0.77,-2.91,-8.48,-1.00,0.00,0.00,
-0.86,-2.85,-8.59,-1.00,0.00,0.00,
-0.81,-2.95,-8.56,-1.00,0.00,0.00,
-0.85,-2.90,-8.53,-1.00,0.00,0.00,
-0.91,-2.94,-8.62,-1.00,0.00,0.00,
-0.85,-2.93,-8.61,-1.00,0.00,0.00,
-0.87,-2.90,-8.63,-1.00,0.00,0.00,
-0.82,-2.92,-8.63,-1.00,0.00,0.00,
-0.82,-2.87,-8.62,-1.00,0.00,0.00,
-0.82,-2.89,-8.64,-1.00,0.00,0.00,
-0.81,-2.87,-8.62,-1.00,0.00,0.00,
-0.83,-2.89,-8.59,-1.00,0.00,0.00,
-0.82,-2.86,-8.56,-1.00,0.00,0.00,
-0.91,-2.91,-8.55,-1.00,0.00,0.00,
-0.92,-2.94,-8.59,-1.00,0.00,0.00,
-0.86,-2.91,-8.55,-1.00,0.00,0.00,
-0.83,-2.97,-8.67,-1.00,0.00,0.00,
-0.86,-2.93,-8.66,-1.00,0.00,0.00,
-0.83,-2.92,-8.61,-1.00,0.00,0.00,
-0.84,-2.90,-8.59,-1.00,0.00,0.00,
-0.83,-2.88,-8.55,-1.00,0.00,0.00,
-0.82,-2.88,-8.55,-1.00,0.00,0.00,
-0.88,-2.89,-8.65,-1.00,0.00,0.00,
-0.79,-2.91,-8.58,-1.00,0.00,0.00,
-0.82,-2.89,-8.57,-1.00,0.00,0.00,
-0.86,-2.97,-8.57,-1.00,0.00,0.00,
-0.85,-2.96,-8.64,-1.00,0.00,0.00,
-0.87,-2.93,-8.59,-1.00,0.00,0.00,
-0.86,-2.87,-8.73,-1.00,0.00,0.00,
-0.89,-2.91,-8.63,-1.00,0.00,0.00,
-0.82,-2.91,-8.61,-1.00,0.00,0.00,
-0.82,-2.88,-8.70,-1.00,0.00,0.00,
-0.80,-2.93,-8.61,-1.00,0.00,0.00,
-0.84,-2.86,-8.54,-1.00,0.00,0.00,
-0.83,-2.84,-8.56,-1.00,0.00,0.00,
-0.91,-2.88,-8.64,-1.00,0.00,0.00,
-0.90,-2.85,-8.60,-1.00,0.00,0.00,
-0.85,-2.90,-8.61,-1.00,0.00,0.00,
-0.85,-2.96,-8.56,-1.00,0.00,0.00,
-0.85,-2.92,-8.61,-1.00,0.00,0.00,
-0.87,-2.91,-8.69,-1.00,0.00,0.00,
-0.88,-2.94,-8.72,-1.00,0.00,0.00,
-0.88,-2.93,-8.68,-1.00,0.00,0.00,
-0.83,-2.88,-8.54,-1.00,0.00,0.00,
-0.86,-2.90,-8.61,-1.00,0.00,0.00,
-0.84,-2.89,-8.60,-1.00,0.00,0.00,
-0.86,-2.91,-8.63,-1.00,0.00,0.00,
-0.86,-2.90,-8.49,-1.00,0.00,0.00,
-0.80,-2.88,-8.62,-1.00,0.00,0.00,
-0.86,-2.90,-8.59,-1.00,0.00,0.00,
-0.84,-2.88,-8.64,-1.00,0.00,0.00,
-0.83,-2.95,-8.57,-1.00,0.00,0.00,
-0.82,-2.96,-8.53,-1.00,0.00,0.00,
-0.93,-2.90,-8.65,-1.00,0.00,0.00,
-0.84,-2.89,-8.50,-1.00,0.00,0.00,
-0.87,-2.89,-8.59,-1.00,0.00,0.00,
-0.87,-2.91,-8.59,-1.00,0.00,0.00,
-0.78,-2.91,-8.57,-1.00,0.00,0.00,
-0.86,-2.89,-8.56,-1.00,0.00,0.00,
-0.86,-2.88,-8.67,-1.00,0.00,0.00,
-0.82,-2.85,-8.63,-1.00,0.00,0.00,
-0.83,-2.90,-8.62,-1.00,0.00,0.00,
-0.84,-2.94,-8.55,-1.00,0.00,0.00,
-0.86,-2.96,-8.67,-1.00,0.00,0.00,
-0.90,-2.91,-8.69,-1.00,0.00,0.00,
-0.81,-2.89,-8.60,-1.00,0.00,0.00,
-0.89,-2.91,-8.61,-1.00,0.00,0.00,
-0.83,-2.90,-8.59,-1.00,0.00,0.00,
-0.82,-2.90,-8.49,-1.00,0.00,0.00,
-0.88,-2.91,-8.59,-1.00,0.00,0.00,
-0.92,-2.91,-8.53,-1.00,0.00,0.00,
-0.84,-2.94,-8.61,-1.00,0.00,0.00,
-0.84,-2.89,-8.55,-1.00,0.00,0.00,
-0.85,-2.94,-8.67,-1.00,0.00,0.00,
-0.87,-2.91,-8.62,-1.00,0.00,0.00,
-0.79,-2.97,-8.57,-1.00,0.00,0.00,
-0.86,-2.91,-8.65,-1.00,0.00,0.00,
-0.82,-2.87,-8.66,-1.00,0.00,0.00,
-0.89,-2.93,-8.58,-1.00,0.00,0.00,
-0.82,-2.89,-8.57,-1.00,0.00,0.00,
-0.80,-2.89,-8.60,-1.00,0.00,0.00,
-0.82,-2.90,-8.56,-1.00,0.00,0.00,
-0.82,-2.96,-8.59,-1.00,0.00,0.00,
-0.82,-2.94,-8.57,-1.00,0.00,0.00,
-0.89,-2.88,-8.63,-1.00,0.00,0.00,
-0.84,-2.92,-8.58,-1.00,0.00,0.00,
-0.86,-2.91,-8.64,-1.00,0.00,0.00,
-0.82,-2.95,-8.64,-1.00,0.00,0.00,
-0.83,-2.93,-8.64,-1.00,0.00,0.00,
-0.83,-2.85,-8.65,-1.00,0.00,0.00,
-0.86,-2.89,-8.65,-1.00,0.00,0.00,
-0.88,-2.90,-8.66,-1.00,0.00,0.00,
-0.82,-2.89,-8.52,-1.00,0.00,0.00,
-0.89,-2.90,-8.61,-1.00,0.00,0.00,
-0.90,-2.91,-8.58,-1.00,0.00,0.00,
-0.84,-2.89,-8.57,-1.00,0.00,0.00,
-0.86,-2.95,-8.62,-1.00,0.00,0.00,
-0.82,-2.93,-8.63,-1.00,0.00,0.00,
-0.76,-2.90,-8.67,-1.00,0.00,0.00,
-0.78,-2.86,-8.58,-1.00,0.00,0.00,
-0.85,-2.85,-8.64,-1.00,0.00,0.00,
-0.86,-2.91,-8.60,-1.00,0.00,0.00,
