9.57,-1.22,-3.02,9.00,-6.00,-11.00,
10.09,-1.11,-2.62,42.00,-20.00,-10.00,
12.40,-0.67,-3.52,65.00,-19.00,-9.00,
6.63,-0.85,-7.14,-40.00,30.00,19.00,
7.08,2.14,-5.53,2.00,-8.00,-18.00,
8.38,-1.30,-6.41,4.00,23.00,-8.00,
8.74,0.01,-4.77,-14.00,-1.00,0.00,
9.77,-1.07,-4.04,1.00,5.00,10.00,
8.91,-0.26,-3.66,-13.00,5.00,11.00,
10.72,-0.89,-3.76,8.00,5.00,-7.00,
8.95,-1.48,-4.09,12.00,12.00,0.00,
9.47,-1.83,-4.76,4.00,3.00,-17.00,
10.15,-2.41,-3.94,4.00,-3.00,-10.00,
9.44,-1.73,-3.71,8.00,-6.00,0.00,
9.38,-1.47,-3.80,-1.00,-5.00,5.00,
9.52,-0.57,-3.71,-5.00,-4.00,2.00,
9.22,-1.04,-3.80,-6.00,-1.00,4.00,
9.34,-0.91,-3.90,-10.00,3.00,2.00,
9.50,-0.15,-4.38,-6.00,2.00,1.00,
9.54,-0.85,-4.33,-4.00,1.00,-1.00,
9.34,-0.88,-4.05,-6.00,1.00,-4.00,
9.57,-1.19,-4.01,0.00,0.00,-3.00,
9.46,-1.18,-4.11,-1.00,0.00,0.00,
9.48,-0.81,-4.20,-2.00,0.00,0.00,
9.40,-0.70,-4.16,-2.00,0.00,-1.00,
9.30,-0.83,-4.05,-3.00,0.00,-2.00,
9.34,-1.00,-4.13,-2.00,0.00,0.00,
9.40,-0.73,-4.30,-1.00,0.00,1.00,
9.33,-0.70,-4.25,-1.00,0.00,0.00,
9.40,-0.60,-4.27,-1.00,0.00,0.00,
9.32,-0.68,-4.15,-1.00,0.00,-1.00,
9.33,-0.87,-4.14,0.00,0.00,-2.00,
9.31,-0.80,-4.11,0.00,2.00,-2.00,
9.29,-0.95,-4.29,-1.00,2.00,-1.00,
9.41,-0.87,-4.39,-1.00,1.00,0.00,
9.42,-0.85,-4.44,-2.00,0.00,0.00,
9.42,-0.77,-4.33,-1.00,0.00,0.00,
9.44,-0.72,-4.23,1.00,0.00,0.00,
9.36,-0.65,-4.52,-1.00,0.00,0.00,
8.94,-0.80,-4.20,0.00,-3.00,-2.00,
9.39,-0.66,-4.11,-5.00,2.00,-3.00,
8.96,-0.78,-4.36,8.00,-2.00,0.00,
8.95,-0.74,-4.67,0.00,4.00,-2.00,
9.00,-1.18,-4.13,22.00,-8.00,2.00,
9.23,-1.48,-4.67,0.00,7.00,-2.00,
9.00,-1.53,-4.38,-2.00,3.00,-5.00,
9.74,-1.67,-5.84,7.00,-12.00,8.00,
10.07,-3.72,-7.02,29.00,-29.00,38.00,
11.75,-9.00,-9.58,74.00,-34.00,89.00,
13.09,-27.96,-7.23,131.00,15.00,131.00,
12.17,-1.31,0.14,-79.00,45.00,131.00,
2.63,18.84,6.62,131.00,46.00,23.00,
7.52,-14.99,0.44,131.00,6.00,-131.00,
-10.04,-39.24,-4.14,-18.00,47.00,85.00,
1.06,4.85,3.17,-74.00,0.00,131.00,
-0.44,16.79,5.99,34.00,45.00,-131.00,
3.39,-27.27,-2.33,4.00,-22.00,-131.00,
-1.50,-17.70,-2.77,-34.00,-17.00,35.00,
0.22,-3.08,-0.13,-39.00,-67.00,-18.00,
1.20,-1.18,0.12,-88.00,-5.00,-131.00,
9.59,-6.39,-4.07,-48.00,30.00,-131.00,
12.36,-6.33,-9.26,0.00,43.00,-110.00,
10.66,-2.97,-5.34,62.00,1.00,-96.00,
11.10,-4.54,-5.31,99.00,34.00,-60.00,
9.48,-2.83,-4.41,29.00,-6.00,-2.00,
9.34,-4.14,-4.56,34.00,0.00,16.00,
9.20,-2.97,-4.26,2.00,0.00,20.00,
9.07,-3.48,-4.26,-18.00,-1.00,31.00,
11.30,-6.07,-5.11,-5.00,0.00,40.00,
11.01,-12.95,-8.10,77.00,-27.00,103.00,
11.24,-20.39,-5.84,69.00,-1.00,131.00,
9.66,-5.86,-0.56,29.00,86.00,131.00,
0.37,8.45,-2.29,90.00,34.00,87.00,
2.23,9.39,2.97,71.00,-22.00,-131.00,
10.63,-24.71,6.81,96.00,-22.00,-131.00,
-3.47,-34.71,-0.12,1.00,11.00,74.00,
4.05,-6.31,3.26,-89.00,17.00,131.00,
-1.52,17.34,6.12,26.00,23.00,13.00,
4.16,-1.72,0.12,91.00,16.00,-131.00,
2.29,-23.45,-0.46,-131.00,5.00,-131.00,
3.97,-14.58,-2.56,-131.00,-23.00,-62.00,
4.62,-4.14,-2.66,-28.00,-18.00,-80.00,
7.25,-10.73,-4.90,4.00,-36.00,-70.00,
7.53,-7.71,-4.28,106.00,-30.00,-67.00,
6.75,-5.16,-3.90,-6.00,-35.00,-52.00,
7.39,-7.76,-4.34,17.00,-21.00,-16.00,
7.68,-5.53,-4.61,21.00,-5.00,-21.00,
7.85,-4.67,-4.57,11.00,-6.00,-28.00,
7.93,-6.37,-4.87,0.00,0.00,-14.00,
7.50,-7.07,-5.17,-7.00,5.00,3.00,
7.97,-8.81,-5.48,-4.00,0.00,31.00,
10.25,-13.07,-6.93,41.00,10.00,78.00,
10.23,-16.61,-6.23,80.00,27.00,131.00,
9.33,-8.23,-1.52,10.00,85.00,131.00,
-0.37,7.68,-0.95,61.00,42.00,101.00,
-0.49,8.73,3.29,95.00,-2.00,-90.00,
0.97,-12.98,3.70,67.00,-10.00,-131.00,
-7.22,-34.08,1.78,55.00,26.00,45.00,
-1.13,-8.59,0.08,-64.00,23.00,131.00,
-4.21,10.17,1.61,-21.00,3.00,56.00,
-2.33,8.04,2.20,40.00,-12.00,-109.00,
1.19,-15.06,-2.06,-44.00,15.00,-131.00,
1.96,-12.82,-6.64,-131.00,44.00,-131.00,
8.93,-2.56,-3.39,-87.00,24.00,-127.00,
14.87,-6.59,-7.84,58.00,55.00,-125.00,
10.35,-2.47,-4.03,108.00,-8.00,-86.00,
9.81,-5.70,-5.33,-17.00,-9.00,-42.00,
9.59,-5.21,-3.99,106.00,-2.00,-42.00,
9.29,-4.76,-4.21,24.00,-7.00,0.00,
9.67,-3.03,-4.61,43.00,-9.00,23.00,
8.33,-3.93,-4.06,22.00,9.00,23.00,
8.39,-4.33,-3.51,-5.00,2.00,19.00,
8.66,-6.13,-3.60,-24.00,9.00,28.00,
9.96,-9.20,-4.34,-3.00,11.00,48.00,
11.40,-19.62,-6.51,35.00,7.00,131.00,
8.41,-17.29,-3.53,71.00,34.00,131.00,
5.37,7.68,0.61,-32.00,31.00,131.00,
0.41,10.45,1.46,66.00,3.00,-48.00,
2.76,-3.17,5.19,131.00,-10.00,-131.00,
-0.40,-33.46,6.15,53.00,2.00,-53.00,
-2.71,-18.11,1.69,-34.00,23.00,130.00,
-1.47,4.25,2.46,-53.00,6.00,122.00,
-4.40,13.41,1.57,-11.00,-9.00,-36.00,
2.16,-1.82,1.85,2.00,14.00,-131.00,
7.93,-18.52,-0.57,131.00,34.00,-131.00,
5.27,-24.51,-5.40,66.00,-9.00,-12.00,
1.56,-6.52,-2.47,-90.00,-62.00,-21.00,
2.05,-6.69,-2.74,-55.00,-23.00,-67.00,
5.78,-4.75,-3.01,6.00,18.00,-80.00,
7.86,-2.17,-4.51,-23.00,39.00,-84.00,
11.23,-5.34,-6.31,52.00,36.00,-99.00,
10.24,-6.84,-4.56,85.00,21.00,-34.00,
9.40,-4.41,-3.64,-5.00,-10.00,-16.00,
9.38,-4.54,-4.05,-2.00,-1.00,0.00,
9.73,-4.46,-3.76,-2.00,-2.00,27.00,
9.21,-4.49,-3.34,0.00,0.00,40.00,
10.37,-6.13,-3.59,4.00,-6.00,63.00,
8.83,-13.06,-5.02,17.00,8.00,125.00,
7.86,-17.46,-5.57,60.00,11.00,131.00,
5.02,-6.84,-2.63,55.00,49.00,131.00,
-1.24,6.47,-1.14,75.00,0.00,110.00,
-0.07,8.09,2.40,45.00,-22.00,-87.00,
0.78,-12.26,1.46,18.00,-22.00,-131.00,
-12.62,-31.65,1.99,21.00,1.00,-11.00,
-1.63,-11.14,1.40,-26.00,53.00,131.00,
-0.25,12.05,0.71,16.00,23.00,30.00,
-0.11,2.67,-1.52,19.00,-3.00,-131.00,
-1.54,-23.16,-1.36,-98.00,10.00,-123.00,
-1.92,-12.14,-1.26,7.00,-34.00,-27.00,
-1.24,-6.57,-0.89,-101.00,-7.00,-47.00,
3.09,-5.95,-3.12,-31.00,-11.00,-92.00,
6.20,-6.43,-4.68,-4.00,10.00,-112.00,
9.17,-7.23,-6.10,39.00,19.00,-104.00,
8.40,-2.75,-5.59,7.00,12.00,-64.00,
9.45,-4.46,-5.92,59.00,15.00,-63.00,
10.48,-4.76,-5.60,-4.00,-18.00,-13.00,
8.45,-6.38,-5.12,25.00,0.00,0.00,
8.53,-5.53,-4.66,5.00,-4.00,14.00,
11.44,-8.41,-5.77,-2.00,-23.00,60.00,
11.27,-15.28,-8.72,77.00,-5.00,131.00,
6.25,-10.96,-5.96,93.00,3.00,131.00,
1.03,-1.79,-0.86,75.00,32.00,131.00,
-2.33,6.25,0.05,12.00,21.00,68.00,
-0.64,6.19,3.39,59.00,2.00,-106.00,
2.78,-9.84,2.54,21.00,23.00,-131.00,
-6.21,-34.76,-0.71,97.00,9.00,23.00,
-0.70,-11.85,0.11,-29.00,14.00,131.00,
-2.07,11.83,3.44,-5.00,9.00,75.00,
-0.55,8.45,2.82,25.00,19.00,-121.00,
3.39,-18.07,-5.33,-28.00,1.00,-131.00,
4.43,-16.28,-4.23,-131.00,6.00,-114.00,
5.02,-8.46,-2.72,-123.00,-16.00,-108.00,
8.69,-4.80,-5.08,-37.00,5.00,-103.00,
11.83,-4.91,-4.67,41.00,14.00,-110.00,
10.43,-3.78,-5.03,-16.00,36.00,-54.00,
10.93,-2.60,-4.68,79.00,39.00,-48.00,
10.46,-4.74,-4.69,43.00,-1.00,0.00,
9.68,-1.81,-3.99,37.00,-21.00,33.00,
8.99,-2.40,-4.44,7.00,-10.00,25.00,
9.40,-5.41,-4.40,-4.00,-8.00,22.00,
10.14,-8.03,-6.08,2.00,-17.00,58.00,
11.42,-12.62,-6.80,26.00,-25.00,131.00,
10.61,-18.19,-5.47,93.00,-11.00,131.00,
6.29,-7.13,-3.48,50.00,61.00,131.00,
-2.94,5.74,-2.96,68.00,38.00,81.00,
-0.97,8.50,4.24,69.00,-6.00,-93.00,
0.08,-9.27,3.99,13.00,41.00,-131.00,
-8.30,-26.94,-0.84,72.00,18.00,38.00,
-2.62,-3.43,0.92,-41.00,0.00,120.00,
-4.27,8.28,0.88,11.00,14.00,0.00,
-0.85,2.72,-0.85,-3.00,0.00,-131.00,
2.71,-13.58,-6.59,-107.00,1.00,-131.00,
9.47,-14.22,-4.93,-131.00,-7.00,-115.00,
9.39,-7.87,-6.05,34.00,15.00,-72.00,
10.50,-7.53,-5.62,30.00,6.00,-86.00,
8.95,-5.40,-5.60,22.00,5.00,-61.00,
8.81,-5.32,-5.23,15.00,-4.00,-42.00,
9.03,-5.00,-4.88,56.00,-1.00,-26.00,
9.03,-3.35,-4.55,37.00,0.00,-1.00,
9.48,-2.56,-4.59,34.00,-14.00,13.00,
8.32,-4.68,-4.84,-15.00,1.00,15.00,
8.42,-4.76,-4.51,-2.00,-1.00,8.00,
9.32,-7.14,-5.14,-3.00,-5.00,28.00,
8.24,-7.98,-4.96,14.00,2.00,52.00,
10.15,-13.92,-7.93,18.00,-17.00,110.00,
7.03,-16.77,-5.90,56.00,-12.00,131.00,
3.87,-6.86,-2.38,76.00,25.00,131.00,
-1.68,6.90,-0.47,26.00,35.00,118.00,
-2.53,7.46,1.90,47.00,-12.00,-56.00,
2.96,-0.92,4.07,-63.00,-1.00,-131.00,
0.59,-34.33,-3.55,23.00,9.00,-118.00,
-3.13,-22.62,-2.00,-17.00,2.00,131.00,
1.20,1.72,1.04,-67.00,5.00,131.00,
-0.68,9.99,0.18,-14.00,2.00,-53.00,
2.40,-2.93,-1.09,-7.00,-5.00,-131.00,
5.80,-21.52,-2.71,35.00,-22.00,-131.00,
3.71,-10.44,-4.64,-81.00,64.00,-54.00,
4.04,-2.68,-3.87,-61.00,17.00,-68.00,
7.10,-6.93,-5.17,27.00,2.00,-80.00,
9.21,-4.85,-4.74,32.00,2.00,-96.00,
8.80,-4.06,-3.32,-55.00,-6.00,-54.00,
10.47,-2.68,-4.70,79.00,9.00,-68.00,
9.53,-6.38,-4.73,21.00,-10.00,-29.00,
10.22,-2.03,-4.64,-4.00,-12.00,11.00,
8.54,-3.72,-4.41,12.00,0.00,15.00,
8.64,-3.14,-4.39,-4.00,1.00,23.00,
9.65,-4.96,-4.44,-6.00,-7.00,33.00,
8.87,-5.69,-4.37,0.00,6.00,53.00,
9.30,-10.53,-5.89,0.00,-1.00,71.00,
10.87,-19.99,-8.10,43.00,-6.00,131.00,
9.21,-9.95,-4.55,42.00,18.00,131.00,
3.43,2.16,-1.71,41.00,23.00,131.00,
-2.11,9.61,-1.04,10.00,1.00,0.00,
-2.17,0.02,-1.88,13.00,7.00,-131.00,
-3.53,-36.15,0.99,-59.00,-17.00,-88.00,
-4.62,-14.88,-2.12,-6.00,7.00,131.00,
-1.97,8.09,1.40,-6.00,-20.00,113.00,
-3.10,9.42,1.10,-29.00,9.00,-66.00,
-0.19,-3.88,-3.93,-12.00,4.00,-131.00,
1.43,-21.85,-8.25,-131.00,23.00,-118.00,
8.67,-9.32,-4.61,-87.00,65.00,-102.00,
10.11,-4.29,-5.55,-8.00,49.00,-115.00,
13.18,-4.39,-5.08,70.00,18.00,-111.00,
13.17,-4.97,-3.02,131.00,6.00,-112.00,
10.66,-5.82,-2.79,2.00,-25.00,-42.00,
9.33,-3.12,-3.23,36.00,2.00,5.00,
9.37,-2.43,-4.29,9.00,10.00,29.00,
10.13,-1.16,-4.95,0.00,-3.00,33.00,
9.25,-0.99,-4.78,-30.00,0.00,38.00,
8.91,-2.57,-4.95,20.00,1.00,15.00,
9.46,-3.82,-4.35,10.00,-3.00,16.00,
8.05,-7.50,-3.70,0.00,-3.00,41.00,
9.06,-12.72,-6.74,-18.00,15.00,81.00,
10.22,-18.07,-7.91,47.00,10.00,131.00,
7.70,-12.78,-2.60,118.00,31.00,131.00,
2.15,4.00,-0.87,31.00,37.00,131.00,
-1.75,8.07,0.34,38.00,5.00,-21.00,
1.59,0.94,0.77,39.00,-8.00,-131.00,
1.52,-39.24,2.16,0.00,-48.00,-131.00,
-3.41,-23.25,0.64,-19.00,28.00,119.00,
1.66,-1.08,1.07,-65.00,19.00,131.00,
-2.72,8.15,-0.23,5.00,12.00,20.00,
-0.33,4.84,0.02,10.00,-9.00,-131.00,
5.90,-12.09,-2.38,15.00,-17.00,-131.00,
8.28,-18.02,-5.67,-131.00,-10.00,-110.00,
5.75,-13.70,-6.63,-129.00,22.00,-35.00,
7.39,-3.20,-4.60,5.00,5.00,-91.00,
8.68,-4.39,-5.08,-42.00,5.00,-57.00,
10.22,-4.31,-4.86,43.00,16.00,-74.00,
10.18,-2.20,-4.76,59.00,19.00,-52.00,
9.61,-4.15,-4.05,68.00,0.00,-28.00,
10.00,-3.16,-5.08,26.00,4.00,2.00,
7.88,-2.36,-4.47,17.00,1.00,1.00,
9.04,-2.89,-5.17,-9.00,0.00,-2.00,
9.24,-4.18,-4.66,-4.00,0.00,14.00,
9.36,-6.38,-5.30,-20.00,-3.00,53.00,
11.69,-11.57,-7.32,-4.00,-20.00,105.00,
13.62,-16.66,-9.79,81.00,-33.00,131.00,
9.60,-5.25,-3.69,109.00,-3.00,131.00,
1.40,6.89,-0.47,85.00,11.00,131.00,
-1.58,7.71,1.09,44.00,6.00,-46.00,
1.58,-0.44,-2.22,-10.00,-3.00,-131.00,
-6.91,-39.24,5.88,48.00,-4.00,-46.00,
-3.64,-11.35,-0.99,14.00,32.00,127.00,
-2.68,3.59,-0.46,-4.00,-1.00,90.00,
-4.15,4.28,0.27,-57.00,4.00,-9.00,
-0.46,0.24,-0.66,62.00,16.00,-131.00,
1.94,-14.71,-5.26,-85.00,38.00,-131.00,
5.51,-12.69,-7.39,-127.00,39.00,-82.00,
9.73,-7.32,-5.85,-18.00,25.00,-131.00,
11.12,-3.44,-6.33,-40.00,38.00,-90.00,
12.07,-3.80,-5.08,65.00,27.00,-80.00,
10.61,-3.53,-2.99,108.00,1.00,-52.00,
9.51,-4.49,-3.58,36.00,-5.00,-15.00,
9.11,-3.36,-3.89,13.00,2.00,6.00,
10.01,-2.28,-5.05,-9.00,-2.00,30.00,
8.67,-1.91,-4.64,10.00,-1.00,26.00,
8.96,-1.94,-4.66,-19.00,-4.00,22.00,
9.36,-4.14,-4.56,10.00,-5.00,17.00,
8.58,-4.33,-4.39,7.00,-9.00,26.00,
8.16,-8.36,-5.85,0.00,-4.00,55.00,
8.78,-15.66,-9.42,57.00,-12.00,128.00,
9.20,-17.17,-5.66,70.00,-10.00,131.00,
5.46,-4.60,-2.22,48.00,27.00,131.00,
-0.93,5.40,-0.60,58.00,22.00,78.00,
-2.27,6.11,-0.11,49.00,2.00,-87.00,
-0.05,-6.07,-0.84,30.00,5.00,-131.00,
-3.98,-31.42,-0.28,-26.00,10.00,-20.00,
-2.60,-12.01,-2.19,9.00,-4.00,131.00,
-2.37,4.37,0.78,0.00,-9.00,102.00,
-3.20,6.13,-0.08,-12.00,11.00,-57.00,
0.79,0.59,-3.20,-27.00,36.00,-131.00,
6.20,-17.74,-8.19,-131.00,73.00,-131.00,
16.08,-4.10,-9.46,21.00,42.00,-117.00,
13.58,-1.37,-6.00,30.00,76.00,-117.00,
14.01,-4.83,-5.56,49.00,33.00,-86.00,
10.02,-3.93,-3.82,76.00,1.00,-27.00,
9.41,-3.31,-3.61,34.00,-9.00,12.00,
9.24,-2.60,-3.94,22.00,-2.00,23.00,
9.54,-1.99,-5.03,-4.00,2.00,36.00,
9.37,-0.27,-4.62,-5.00,-17.00,33.00,
8.48,-1.86,-4.66,4.00,1.00,10.00,
9.27,-5.50,-4.97,-3.00,-11.00,5.00,
7.90,-6.19,-5.33,-9.00,0.00,39.00,
8.24,-6.44,-5.91,-15.00,0.00,56.00,
9.63,-10.14,-8.13,-19.00,-21.00,85.00,
7.32,-13.58,-7.82,1.00,-28.00,131.00,
3.65,-11.20,-4.87,33.00,-47.00,131.00,
1.25,-1.18,-2.64,59.00,-45.00,131.00,
-0.53,10.02,1.27,72.00,-3.00,-2.00,
2.27,2.73,0.08,41.00,44.00,-131.00,
1.81,-35.27,-2.35,-66.00,21.00,-112.00,
-3.61,-19.80,-1.88,6.00,-10.00,107.00,
0.06,-1.81,0.03,-19.00,-1.00,131.00,
-2.91,7.48,1.05,30.00,14.00,17.00,
-1.24,5.86,0.90,16.00,-7.00,-128.00,
2.97,-10.34,-1.72,-17.00,12.00,-131.00,
1.54,-20.13,-5.38,-131.00,14.00,-78.00,
7.92,-4.81,-5.44,-92.00,43.00,-85.00,
9.70,-6.08,-6.86,12.00,0.00,-112.00,
10.21,0.81,-5.54,59.00,21.00,-114.00,
10.21,-4.21,-5.52,-5.00,14.00,-60.00,
10.21,-2.16,-4.30,131.00,24.00,-57.00,
9.14,-4.97,-3.99,76.00,3.00,-22.00,
10.11,-2.46,-4.76,-11.00,-5.00,14.00,
8.17,-2.66,-5.04,-6.00,6.00,12.00,
8.83,-1.65,-4.80,-8.00,-4.00,8.00,
9.42,-4.42,-5.02,-35.00,-6.00,24.00,
9.68,-6.79,-5.21,10.00,-11.00,52.00,
10.97,-10.18,-5.93,-2.00,-11.00,101.00,
10.69,-14.31,-6.52,53.00,7.00,131.00,
6.52,-10.70,-4.61,70.00,22.00,131.00,
2.06,-0.63,-3.32,37.00,13.00,131.00,
-1.63,8.94,0.15,77.00,0.00,10.00,
1.61,3.15,0.44,13.00,8.00,-131.00,
1.81,-38.06,-2.30,-31.00,-38.00,-129.00,
-5.52,-22.60,-1.68,-39.00,15.00,103.00,
-0.84,-2.50,-0.63,-52.00,-5.00,131.00,
-3.39,7.84,1.65,3.00,15.00,15.00,
-1.28,3.42,-0.57,0.00,12.00,-131.00,
1.54,-13.78,-5.61,-99.00,47.00,-131.00,
10.90,-9.38,-7.72,-131.00,83.00,-131.00,
11.68,-7.23,-8.02,-38.00,22.00,-113.00,
13.59,-6.56,-6.49,60.00,28.00,-114.00,
11.52,-1.60,-4.33,61.00,20.00,-83.00,
10.43,-5.13,-2.26,129.00,-8.00,-56.00,
9.14,-4.07,-2.94,32.00,1.00,-11.00,
9.05,-3.04,-4.23,23.00,3.00,13.00,
10.40,-2.63,-6.17,-5.00,6.00,33.00,
8.30,-3.19,-5.64,2.00,5.00,25.00,
8.46,-2.22,-4.74,-31.00,-4.00,25.00,
9.06,-5.98,-4.81,-16.00,-9.00,31.00,
10.07,-12.79,-7.81,31.00,7.00,97.00,
12.15,-19.35,-7.87,118.00,-28.00,131.00,
9.24,-7.90,-3.99,106.00,25.00,131.00,
2.05,7.36,-0.64,59.00,22.00,131.00,
-1.56,8.22,-0.35,31.00,-5.00,-65.00,
3.26,-0.31,-0.69,-9.00,3.00,-131.00,
-0.66,-39.24,3.73,-124.00,26.00,-58.00,
-2.97,-21.22,-1.48,-6.00,30.00,131.00,
1.89,-0.20,-0.25,-28.00,-3.00,131.00,
-1.08,7.51,1.95,44.00,24.00,-8.00,
1.29,3.49,-1.73,8.00,17.00,-131.00,
6.33,-19.19,-9.31,-87.00,22.00,-131.00,
8.91,-18.43,-8.76,-44.00,-34.00,-131.00,
12.18,-5.77,-5.12,-43.00,43.00,-131.00,
13.95,-3.01,-4.21,69.00,26.00,-131.00,
12.37,-5.56,-2.79,88.00,3.00,-79.00,
9.61,-4.41,-3.46,9.00,4.00,-7.00,
8.69,-2.58,-4.00,40.00,9.00,4.00,
10.07,-2.53,-5.35,-7.00,3.00,24.00,
9.62,-2.15,-5.41,-18.00,-2.00,47.00,
8.74,-1.65,-4.92,-24.00,-1.00,35.00,
8.77,-3.82,-4.49,1.00,-7.00,24.00,
9.43,-5.24,-4.46,1.00,-14.00,42.00,
10.03,-13.26,-5.00,36.00,-9.00,84.00,
10.08,-19.43,-6.53,55.00,11.00,131.00,
9.43,-12.03,-6.70,51.00,5.00,131.00,
3.67,4.74,-2.37,45.00,0.00,131.00,
-1.68,6.15,-1.58,28.00,1.00,-3.00,
1.01,3.64,-0.02,19.00,1.00,-131.00,
9.87,-14.03,0.06,-95.00,7.00,-131.00,
2.54,-30.17,-3.40,71.00,14.00,-30.00,
1.97,-21.28,-2.23,61.00,-36.00,131.00,
6.43,3.32,1.96,-57.00,-29.00,131.00,
2.12,12.68,0.58,-7.00,33.00,-82.00,
-4.22,-23.97,-1.42,28.00,-58.00,-97.00,
-5.68,-16.36,-3.37,-50.00,16.00,12.00,
-3.20,1.19,-1.21,-47.00,-9.00,-26.00,
0.26,-1.11,-0.47,-121.00,32.00,-115.00,
10.75,-5.70,-2.95,-62.00,110.00,-131.00,
16.25,-6.58,-9.10,-53.00,84.00,-113.00,
17.60,-5.11,-5.58,131.00,68.00,-110.00,
10.84,-6.33,-4.11,74.00,0.00,-15.00,
9.26,-2.28,-3.13,35.00,-12.00,7.00,
9.90,-3.08,-3.27,8.00,-8.00,17.00,
10.55,-2.50,-3.04,-19.00,-10.00,40.00,
12.59,-5.97,-2.94,-31.00,-13.00,71.00,
12.79,-11.02,-5.90,3.00,-3.00,128.00,
14.37,-16.60,-7.11,6.00,-26.00,131.00,
9.13,-5.83,-3.77,22.00,-6.00,131.00,
1.25,3.85,-0.97,49.00,1.00,131.00,
-1.37,6.65,0.25,62.00,13.00,-36.00,
0.84,0.77,-1.16,-10.00,26.00,-131.00,
-0.34,-34.51,-2.13,-52.00,25.00,-71.00,
-1.20,-18.58,-4.34,-11.00,-1.00,131.00,
0.63,2.07,0.09,-23.00,-19.00,131.00,
-3.01,6.57,0.84,30.00,22.00,-31.00,
0.58,-0.32,-1.92,-6.00,10.00,-131.00,
4.19,-11.32,-3.38,-66.00,11.00,-131.00,
9.16,-2.23,-6.13,-131.00,59.00,-131.00,
15.60,-7.03,-6.03,-23.00,33.00,-131.00,
14.32,-2.40,-5.93,42.00,86.00,-95.00,
11.68,-4.97,-3.85,74.00,3.00,-52.00,
9.63,-3.81,-3.10,47.00,0.00,-5.00,
8.95,-2.40,-3.19,35.00,-2.00,13.00,
11.18,-1.52,-4.42,1.00,2.00,36.00,
10.04,-1.37,-4.37,-17.00,-4.00,49.00,
8.78,-0.29,-3.71,-15.00,-8.00,31.00,
9.05,-2.97,-3.78,-7.00,-4.00,7.00,
8.88,-4.55,-3.52,1.00,4.00,0.00,
9.45,-6.09,-5.42,-14.00,0.00,21.00,
10.92,-8.84,-7.88,14.00,-11.00,79.00,
12.55,-12.91,-8.79,38.00,-59.00,131.00,
10.04,-11.33,-4.03,89.00,-56.00,131.00,
3.42,0.47,-1.22,54.00,3.00,131.00,
-1.67,11.95,-1.05,28.00,20.00,-25.00,
0.84,-0.27,-1.20,-16.00,-7.00,-131.00,
-5.99,-39.24,7.14,-3.00,-1.00,-22.00,
-2.71,-13.39,-0.07,13.00,42.00,131.00,
-1.47,3.63,0.00,0.00,20.00,113.00,
-1.94,5.58,-1.72,4.00,-7.00,-44.00,
3.34,0.51,-0.98,-5.00,-21.00,-131.00,
7.50,-11.12,-2.22,-131.00,27.00,-131.00,
20.02,-7.44,-6.80,-129.00,55.00,-131.00,
14.23,-8.79,-7.23,27.00,29.00,-48.00,
10.55,-1.45,-2.85,107.00,5.00,-76.00,
10.76,-4.45,-1.84,97.00,-24.00,-51.00,
9.30,-2.81,-2.33,49.00,0.00,-8.00,
9.43,-1.71,-3.60,-9.00,9.00,15.00,
9.55,-0.49,-4.83,0.00,19.00,16.00,
9.37,0.02,-4.56,-2.00,-1.00,9.00,
9.44,-1.05,-4.15,-22.00,-3.00,6.00,
9.31,-1.72,-3.42,-6.00,-4.00,5.00,
9.71,-2.51,-2.91,-9.00,-3.00,14.00,
9.77,-4.12,-3.72,-24.00,11.00,41.00,
12.73,-8.37,-5.30,-24.00,-9.00,76.00,
12.70,-13.88,-4.88,5.00,16.00,131.00,
11.45,-15.18,-3.93,56.00,3.00,131.00,
6.11,-3.98,-3.60,52.00,6.00,131.00,
-0.13,6.52,-0.71,52.00,-4.00,88.00,
-0.39,6.06,0.71,10.00,11.00,-100.00,
-1.23,-17.92,-4.95,44.00,-8.00,-131.00,
-8.04,-22.45,-2.11,26.00,6.00,67.00,
-2.03,-2.01,-1.90,-39.00,-11.00,131.00,
-4.32,5.77,0.79,30.00,12.00,2.00,
-1.72,5.31,0.89,19.00,20.00,-131.00,
1.61,-11.39,-4.02,-106.00,16.00,-131.00,
4.18,-13.28,-4.21,-131.00,23.00,-86.00,
10.52,-8.76,-5.11,-100.00,41.00,-131.00,
15.23,-4.18,-5.88,1.00,64.00,-125.00,
13.09,-3.73,-5.64,15.00,56.00,-77.00,
10.55,-4.10,-3.45,56.00,-6.00,-13.00,
9.72,-2.59,-2.97,48.00,-10.00,17.00,
10.06,-1.87,-3.45,19.00,-5.00,32.00,
10.70,-0.54,-3.72,4.00,-10.00,43.00,
9.19,-1.11,-3.57,-29.00,-2.00,32.00,
8.39,-1.35,-3.00,13.00,3.00,2.00,
9.09,-4.02,-3.74,-41.00,10.00,4.00,
9.35,-7.51,-5.10,-4.00,0.00,32.00,
11.71,-11.54,-7.25,1.00,-26.00,92.00,
12.34,-15.34,-7.49,58.00,-39.00,131.00,
8.96,-9.87,-3.89,81.00,-4.00,131.00,
4.97,6.35,-0.64,-6.00,-26.00,131.00,
-1.68,8.68,0.07,3.00,2.00,-16.00,
-0.48,1.18,-2.18,-9.00,25.00,-131.00,
-3.36,-35.15,1.37,-116.00,2.00,-37.00,
-3.76,-14.44,-2.27,-15.00,3.00,131.00,
-1.48,3.52,0.32,-18.00,-14.00,131.00,
-2.87,7.06,0.33,-23.00,0.00,-43.00,
1.43,1.02,-1.64,-44.00,28.00,-131.00,
9.83,-8.03,-3.77,-131.00,56.00,-131.00,
21.07,-10.53,-8.93,64.00,83.00,-131.00,
14.46,-0.11,-5.93,-4.00,67.00,-97.00,
13.53,-3.31,-3.17,122.00,42.00,-97.00,
11.13,-5.06,-0.99,79.00,-6.00,-33.00,
9.43,-3.05,-1.60,33.00,6.00,-4.00,
10.34,-1.93,-3.18,-19.00,12.00,21.00,
11.54,-1.16,-4.54,-21.00,1.00,45.00,
10.14,-1.24,-3.73,-14.00,-12.00,48.00,
9.12,-0.17,-2.74,-16.00,-7.00,30.00,
9.13,-4.19,-2.53,-12.00,-7.00,12.00,
10.07,-5.13,-3.81,-8.00,-15.00,38.00,
11.57,-9.93,-6.52,-4.00,-7.00,100.00,
10.33,-14.21,-7.54,36.00,-31.00,131.00,
6.39,-10.01,-3.82,85.00,2.00,131.00,
2.07,2.90,-2.07,29.00,9.00,131.00,
-2.14,6.77,-1.92,34.00,3.00,-8.00,
0.26,1.58,-2.00,-6.00,-3.00,-131.00,
1.65,-30.25,1.91,-115.00,-14.00,-125.00,
-3.53,-26.60,-0.60,12.00,5.00,100.00,
1.57,-6.90,-0.07,-6.00,30.00,131.00,
-2.46,13.12,0.27,38.00,28.00,48.00,
1.16,6.63,0.07,6.00,2.00,-131.00,
6.49,-12.45,-3.47,-35.00,7.00,-131.00,
14.58,-10.33,-4.94,-129.00,93.00,-131.00,
17.89,-6.27,-8.15,65.00,73.00,-130.00,
14.35,-3.01,-4.80,87.00,34.00,-85.00,
10.87,-6.38,-2.42,129.00,-13.00,-51.00,
9.08,-3.84,-2.40,26.00,-11.00,-6.00,
9.81,-2.97,-3.15,29.00,-5.00,19.00,
9.79,-2.63,-4.14,12.00,0.00,33.00,
9.75,-0.04,-4.12,-2.00,-11.00,32.00,
7.61,-1.64,-3.90,11.00,7.00,-5.00,
9.04,-2.18,-4.26,-7.00,-5.00,-14.00,
8.97,-5.15,-4.29,15.00,-3.00,-10.00,
9.08,-6.47,-5.50,-8.00,0.00,19.00,
11.16,-14.39,-9.30,11.00,-38.00,104.00,
13.06,-22.36,-5.70,106.00,14.00,131.00,
11.21,-2.85,-4.58,53.00,21.00,131.00,
1.66,9.15,-1.24,86.00,53.00,84.00,
-0.33,7.12,-0.24,39.00,-5.00,-131.00,
1.49,-24.99,-0.12,84.00,-33.00,-131.00,
-5.26,-23.89,1.94,3.00,34.00,89.00,
-0.92,-2.30,-0.73,-24.00,25.00,131.00,
-4.08,8.10,-0.16,27.00,22.00,5.00,
-0.45,3.48,-1.32,5.00,0.00,-131.00,
3.03,-23.83,-2.66,-131.00,0.00,-131.00,
1.65,-13.41,-6.06,-113.00,28.00,-49.00,
3.86,-1.53,-2.47,-31.00,23.00,-114.00,
9.56,-6.66,-4.45,-38.00,33.00,-113.00,
13.71,-5.39,-4.95,19.00,47.00,-119.00,
12.13,-4.10,-5.08,16.00,56.00,-70.00,
10.53,-4.04,-4.00,69.00,11.00,-31.00,
9.77,-3.38,-4.15,37.00,0.00,6.00,
9.44,-1.61,-3.69,17.00,-12.00,19.00,
10.58,-1.95,-3.39,-24.00,-15.00,35.00,
9.87,-2.40,-3.16,-18.00,-7.00,32.00,
9.83,-5.26,-3.58,-31.00,-1.00,57.00,
11.52,-7.28,-6.33,0.00,-15.00,86.00,
11.00,-12.91,-7.80,21.00,-31.00,122.00,
8.35,-15.71,-6.28,57.00,-37.00,131.00,
5.38,-3.06,-2.19,46.00,-36.00,131.00,
-0.51,4.60,-0.04,30.00,-14.00,81.00,
-1.55,8.17,2.88,9.00,18.00,-103.00,
3.18,-7.81,-3.33,96.00,0.00,-131.00,
-7.00,-28.99,0.89,21.00,8.00,67.00,
-0.63,-5.77,-0.61,-25.00,-6.00,131.00,
-3.80,5.17,-0.48,28.00,7.00,58.00,
-1.10,5.76,-0.04,15.00,0.00,-124.00,
3.81,-4.75,-1.07,-76.00,73.00,-131.00,
9.16,-14.78,-9.32,-82.00,39.00,-131.00,
10.15,-9.34,-8.16,-131.00,9.00,-76.00,
13.38,-3.47,-7.01,53.00,50.00,-116.00,
12.09,-4.18,-4.83,62.00,29.00,-65.00,
9.93,-4.00,-3.04,34.00,-14.00,-14.00,
9.59,-2.59,-2.53,26.00,-8.00,9.00,
9.75,-2.36,-3.19,13.00,5.00,20.00,
9.77,-1.18,-3.24,1.00,-2.00,25.00,
9.55,-1.70,-3.51,11.00,9.00,13.00,
9.07,-3.97,-3.54,-2.00,4.00,6.00,
10.19,-5.06,-3.97,12.00,-5.00,16.00,
10.09,-11.21,-7.27,84.00,-12.00,60.00,
16.68,-19.67,-6.12,88.00,-53.00,131.00,
14.49,-8.12,-3.08,85.00,10.00,131.00,
5.46,6.21,0.25,76.00,37.00,131.00,
-1.89,13.40,-0.89,61.00,21.00,-68.00,
-0.92,-4.31,-1.15,-12.00,-12.00,-131.00,
-7.68,-31.17,5.75,38.00,4.00,-19.00,
-3.71,-10.17,0.06,-25.00,17.00,119.00,
-3.10,1.91,-0.21,-4.00,-10.00,98.00,
-3.80,8.32,2.83,-41.00,-6.00,-25.00,
-0.89,-1.89,0.42,8.00,28.00,-131.00,
-1.40,-22.86,-4.57,-55.00,5.00,-81.00,
-1.79,-12.82,-2.37,10.00,1.00,-15.00,
-1.62,-4.73,-4.48,-67.00,39.00,-63.00,
3.63,-10.77,-7.25,-64.00,-6.00,-131.00,
6.90,-8.50,-6.39,5.00,-21.00,-78.00,
7.80,-7.56,-5.39,17.00,3.00,-57.00,
7.30,-6.43,-5.23,2.00,-9.00,0.00,
7.48,-6.27,-5.13,-12.00,0.00,10.00,
6.18,-7.27,-4.53,26.00,0.00,0.00,
5.98,-8.50,-4.33,18.00,5.00,5.00,
7.33,-7.80,-4.49,0.00,-3.00,20.00,
6.65,-6.33,-4.88,-2.00,3.00,23.00,
6.22,-6.40,-6.23,-9.00,-10.00,11.00,
5.34,-12.48,-8.06,-7.00,-24.00,22.00,
4.09,-17.74,-8.61,15.00,-55.00,108.00,
3.98,-11.69,-5.45,47.00,-68.00,131.00,
1.67,3.26,0.59,53.00,-19.00,131.00,
0.44,13.60,2.02,59.00,23.00,-40.00,
2.31,-2.04,-1.71,0.00,44.00,-131.00,
-5.53,-35.48,1.70,58.00,36.00,-28.00,
-2.62,-13.22,-1.00,20.00,9.00,131.00,
-0.50,5.56,0.80,-18.00,1.00,131.00,
-1.95,10.14,0.44,-6.00,0.00,-70.00,
1.81,-6.15,-1.91,13.00,-20.00,-131.00,
-3.41,-21.75,-3.28,-131.00,11.00,-58.00,
0.53,-12.10,-2.17,-90.00,-7.00,-64.00,
4.58,-4.48,-4.11,-33.00,23.00,-102.00,
7.60,-7.12,-6.77,-48.00,11.00,-86.00,
9.45,-6.35,-7.34,24.00,10.00,-78.00,
7.02,-9.66,-7.07,-40.00,-5.00,-18.00,
8.44,-4.93,-5.28,19.00,4.00,-11.00,
8.78,-3.32,-5.20,14.00,-1.00,5.00,
7.39,-4.66,-5.16,-2.00,0.00,8.00,
7.62,-5.44,-5.31,3.00,-4.00,6.00,
8.12,-6.71,-5.75,0.00,-6.00,27.00,
8.35,-9.87,-7.78,14.00,-14.00,62.00,
7.62,-12.37,-8.70,24.00,-25.00,116.00,
4.82,-11.94,-6.44,71.00,-59.00,131.00,
2.52,-2.70,-2.63,55.00,-28.00,131.00,
-2.77,4.39,-1.37,65.00,-16.00,75.00,
-2.79,8.38,3.01,27.00,11.00,-81.00,
-0.50,-4.70,0.13,38.00,29.00,-131.00,
-6.93,-31.95,2.40,-21.00,-10.00,-26.00,
-4.58,-11.91,-0.16,-25.00,10.00,127.00,
-2.92,2.48,1.71,-42.00,-13.00,109.00,
-3.19,8.55,3.22,-25.00,16.00,-45.00,
2.88,-0.09,-0.24,35.00,51.00,-131.00,
2.74,-25.11,-7.15,-131.00,55.00,-115.00,
1.58,-14.54,-4.10,-58.00,-60.00,-55.00,
3.89,-4.18,-2.75,-108.00,23.00,-131.00,
10.78,-6.08,-5.85,-47.00,-14.00,-81.00,
11.47,-10.15,-5.25,54.00,8.00,-82.00,
9.48,-3.24,-4.81,-9.00,14.00,-26.00,
8.52,-4.25,-4.83,37.00,3.00,-10.00,
9.75,-3.67,-5.08,5.00,-7.00,15.00,
8.72,-3.06,-4.43,12.00,0.00,20.00,
8.89,-4.43,-4.02,-6.00,-5.00,30.00,
9.23,-6.76,-4.45,2.00,-9.00,48.00,
8.95,-9.62,-6.63,14.00,1.00,89.00,
8.64,-15.48,-8.34,69.00,-17.00,131.00,
5.34,-6.92,-4.15,89.00,-2.00,131.00,
0.94,6.61,-0.44,73.00,-12.00,131.00,
-1.68,8.95,0.89,-9.00,2.00,-30.00,
2.52,1.36,0.29,10.00,18.00,-131.00,
-1.18,-32.70,-1.50,-37.00,5.00,-79.00,
-4.24,-19.88,-2.65,-12.00,-3.00,117.00,
-1.16,-3.74,-1.22,-34.00,-24.00,131.00,
-3.29,7.47,3.24,-2.00,13.00,1.00,
0.18,4.79,1.05,-13.00,25.00,-131.00,
5.98,-26.72,-6.90,-4.00,-16.00,-131.00,
-0.11,-23.66,-4.50,32.00,-24.00,-11.00,
-0.41,-5.49,-1.58,-22.00,-18.00,-8.00,
1.44,-3.05,-2.82,-66.00,36.00,-108.00,
7.54,-5.85,-6.05,-74.00,-2.00,-93.00,
9.79,-8.76,-7.47,1.00,-6.00,-70.00,
10.10,-7.40,-5.63,38.00,6.00,-84.00,
10.01,-4.05,-5.61,0.00,22.00,-9.00,
8.58,-4.92,-4.70,53.00,-6.00,0.00,
8.64,-2.91,-4.51,-3.00,-6.00,8.00,
8.91,-3.53,-4.25,0.00,-2.00,9.00,
8.33,-4.07,-4.47,-2.00,3.00,12.00,
8.87,-4.56,-5.09,-5.00,0.00,15.00,
9.85,-8.46,-7.32,5.00,-12.00,45.00,
8.34,-11.23,-7.43,25.00,-26.00,80.00,
6.28,-15.05,-7.86,28.00,-27.00,131.00,
4.25,-11.18,-5.90,81.00,-65.00,131.00,
1.22,1.71,-0.89,71.00,-28.00,131.00,
-2.10,11.10,1.32,45.00,27.00,-7.00,
0.07,1.27,-1.68,32.00,39.00,-131.00,
-6.42,-39.24,2.34,-32.00,4.00,-37.00,
-4.22,-11.18,-2.19,-6.00,9.00,131.00,
-2.21,5.25,1.09,3.00,-13.00,105.00,
-2.68,8.50,2.11,-13.00,8.00,-56.00,
0.63,-0.21,-0.14,25.00,-6.00,-131.00,
1.14,-23.08,-4.32,43.00,-4.00,-131.00,
2.22,-16.24,-6.21,-23.00,52.00,-113.00,
4.73,-2.64,-2.32,-82.00,11.00,-80.00,
9.18,-5.74,-6.18,-54.00,8.00,-76.00,
10.32,-5.51,-6.56,52.00,13.00,-80.00,
9.42,-4.51,-4.93,-2.00,2.00,-59.00,
9.97,-4.61,-5.03,4.00,10.00,-34.00,
9.52,-3.65,-5.19,26.00,6.00,-4.00,
9.17,-2.15,-4.83,8.00,-8.00,14.00,
8.41,-1.87,-4.61,-10.00,-5.00,7.00,
9.29,-2.33,-3.94,6.00,0.00,2.00,
9.22,-2.97,-4.34,0.00,-1.00,16.00,
9.26,-5.04,-5.90,4.00,-4.00,33.00,
11.40,-9.24,-9.77,16.00,-36.00,97.00,
9.61,-14.61,-8.45,99.00,-57.00,131.00,
5.98,-8.58,-5.30,115.00,-43.00,131.00,
2.45,4.56,-0.11,89.00,-18.00,131.00,
-1.26,11.68,0.17,18.00,21.00,-33.00,
1.32,0.36,-0.29,17.00,7.00,-131.00,
-7.29,-36.95,4.64,-34.00,2.00,-36.00,
-3.91,-13.60,-0.53,6.00,19.00,125.00,
-0.99,3.41,0.62,-17.00,-8.00,126.00,
-2.51,8.09,1.34,-18.00,6.00,-44.00,
1.54,-0.30,-1.41,5.00,17.00,-131.00,
4.29,-18.82,-5.66,-37.00,117.00,-131.00,
7.91,-8.44,-7.30,6.00,21.00,-123.00,
9.07,-5.79,-4.98,-19.00,23.00,-109.00,
11.30,-2.85,-4.64,-6.00,20.00,-92.00,
11.04,-5.25,-5.82,12.00,27.00,-49.00,
9.70,-4.70,-4.92,60.00,-1.00,-25.00,
9.10,-2.54,-4.58,3.00,-1.00,-2.00,
9.73,-2.67,-5.16,10.00,-2.00,16.00,
8.55,-1.90,-4.71,-3.00,-8.00,26.00,
8.92,-2.86,-4.59,-14.00,-7.00,14.00,
9.37,-3.71,-4.87,-3.00,-8.00,22.00,
8.63,-3.28,-5.64,3.00,-6.00,33.00,
8.54,-4.49,-6.57,4.00,-11.00,35.00,
7.36,-6.58,-7.06,30.00,-24.00,38.00,
6.22,-15.01,-7.40,62.00,-33.00,87.00,
6.90,-14.48,-5.32,71.00,-25.00,131.00,
3.28,-5.97,-3.56,76.00,9.00,131.00,
-2.38,11.16,-0.51,48.00,10.00,66.00,
-0.68,6.20,0.38,5.00,1.00,-126.00,
1.66,-19.60,1.60,-17.00,-25.00,-131.00,
-9.27,-26.24,-1.91,18.00,23.00,65.00,
-1.29,-9.57,-0.93,-4.00,3.00,131.00,
-2.01,9.84,2.65,3.00,8.00,46.00,
0.28,5.88,-0.20,-3.00,13.00,-131.00,
2.20,-21.58,-5.17,-7.00,-19.00,-131.00,
3.16,-10.55,-6.06,13.00,83.00,-131.00,
7.84,-4.37,-5.53,7.00,-4.00,-83.00,
9.09,-8.82,-6.40,-23.00,-18.00,-85.00,
9.52,-6.77,-5.59,23.00,16.00,-83.00,
9.19,-5.50,-5.44,6.00,5.00,-37.00,
8.58,-5.73,-5.44,22.00,-1.00,-7.00,
8.34,-3.87,-5.02,20.00,1.00,5.00,
9.30,-2.71,-4.86,1.00,-4.00,13.00,
7.98,-2.55,-4.58,-9.00,3.00,5.00,
8.67,-2.97,-4.26,0.00,-1.00,-5.00,
8.81,-4.15,-4.34,-3.00,3.00,3.00,
8.53,-4.08,-4.97,-3.00,6.00,6.00,
9.05,-4.12,-5.89,-8.00,2.00,15.00,
7.98,-4.74,-5.35,-2.00,-4.00,20.00,
9.47,-8.81,-6.04,-5.00,-25.00,42.00,
10.16,-14.30,-8.28,34.00,-52.00,125.00,
6.87,-14.97,-8.03,61.00,-49.00,131.00,
2.92,-7.37,-4.51,100.00,-19.00,131.00,
-1.13,4.69,-1.08,35.00,6.00,129.00,
-0.89,9.28,2.84,33.00,8.00,-73.00,
2.40,-3.07,0.53,40.00,7.00,-131.00,
-1.41,-29.07,1.75,16.00,7.00,-87.00,
-5.67,-19.46,-0.66,8.00,9.00,93.00,
-0.75,-5.58,0.65,-18.00,1.00,131.00,
-1.66,10.05,3.93,9.00,7.00,54.00,
0.15,7.55,0.94,9.00,10.00,-129.00,
7.66,-7.21,-1.75,44.00,-11.00,-131.00,
-1.00,-22.66,-2.71,-36.00,33.00,-50.00,
0.96,-5.10,-3.68,-130.00,38.00,-43.00,
5.11,-4.24,-4.84,24.00,38.00,-103.00,
8.74,-2.74,-6.79,16.00,0.00,-102.00,
9.30,-6.13,-7.12,32.00,-1.00,-86.00,
8.45,-5.88,-7.28,-8.00,16.00,-37.00,
8.29,-4.94,-5.88,24.00,15.00,-32.00,
10.11,-3.20,-5.76,12.00,-7.00,4.00,
7.69,-2.34,-4.65,27.00,0.00,9.00,
8.47,-3.65,-4.91,-5.00,-2.00,2.00,
9.10,-3.50,-4.88,-5.00,2.00,10.00,
8.55,-3.59,-5.15,-2.00,2.00,19.00,
8.99,-5.95,-7.39,-8.00,-11.00,51.00,
9.08,-12.60,-9.55,22.00,-38.00,102.00,
7.15,-17.19,-8.35,90.00,-50.00,131.00,
4.62,-4.45,-3.77,98.00,-31.00,131.00,
-0.89,4.03,-1.07,83.00,3.00,100.00,
-0.98,8.16,0.07,43.00,3.00,-57.00,
1.67,-2.24,-1.14,11.00,-33.00,-131.00,
-4.88,-28.93,10.05,13.00,1.00,-58.00,
-4.41,-16.97,2.34,20.00,29.00,127.00,
-0.19,0.44,1.36,-35.00,17.00,131.00,
-2.02,8.32,2.28,0.00,11.00,2.00,
1.41,4.11,0.33,-1.00,4.00,-131.00,
6.75,-22.97,-1.93,-14.00,-46.00,-131.00,
-1.01,-19.56,-1.72,51.00,-3.00,-72.00,
0.27,-7.86,-1.65,-80.00,8.00,-28.00,
5.46,-5.80,-2.75,-33.00,-29.00,-79.00,
7.18,-7.12,-5.18,-55.00,-23.00,-74.00,
9.17,-5.49,-6.21,-25.00,-7.00,-97.00,
9.12,-7.52,-6.74,-19.00,9.00,-42.00,
8.43,-3.98,-5.80,44.00,11.00,-35.00,
7.99,-4.87,-6.15,9.00,8.00,-4.00,
8.10,-2.66,-5.67,14.00,-3.00,14.00,
7.98,-3.63,-5.47,-23.00,6.00,15.00,
8.54,-4.91,-5.17,0.00,0.00,19.00,
8.17,-4.54,-5.77,0.00,2.00,36.00,
8.32,-6.80,-7.52,-15.00,23.00,40.00,
9.87,-18.78,-10.10,126.00,-39.00,116.00,
8.41,-19.33,-3.82,104.00,-5.00,131.00,
8.56,4.01,-0.71,0.00,22.00,131.00,
1.11,11.93,-2.75,56.00,12.00,-27.00,
2.44,-3.24,-3.87,14.00,-45.00,-131.00,
-5.41,-37.24,12.32,-65.00,-19.00,-50.00,
-3.62,-13.17,1.79,-54.00,28.00,131.00,
-0.15,2.88,1.66,-12.00,-23.00,126.00,
-1.35,10.49,1.48,11.00,16.00,-62.00,
2.97,-0.43,-3.39,28.00,7.00,-131.00,
1.35,-21.99,-8.18,-131.00,23.00,-86.00,
12.87,-8.43,-6.90,-63.00,16.00,-131.00,
8.37,-8.73,-6.65,-47.00,-10.00,-69.00,
8.90,-7.53,-5.90,56.00,6.00,-65.00,
8.45,-5.73,-5.26,4.00,5.00,-38.00,
8.70,-4.02,-4.74,13.00,4.00,-22.00,
9.13,-3.81,-5.35,5.00,2.00,-1.00,
8.18,-2.99,-4.84,10.00,3.00,8.00,
8.66,-2.64,-4.92,-7.00,7.00,3.00,
9.13,-4.07,-4.63,14.00,2.00,2.00,
8.81,-3.91,-4.36,0.00,3.00,19.00,
