9.53,0.44,-5.56,1.00,1.00,0.00,
9.95,0.81,-5.43,-6.00,-3.00,-1.00,
9.47,0.47,-4.77,-7.00,-4.00,-5.00,
9.63,0.97,-4.86,-1.00,4.00,2.00,
9.83,0.61,-4.89,-6.00,-1.00,2.00,
9.74,1.02,-4.58,-4.00,0.00,0.00,
9.75,0.92,-4.68,-4.00,2.00,2.00,
9.83,0.97,-4.78,-2.00,2.00,2.00,
9.83,1.06,-4.90,-2.00,1.00,1.00,
9.80,0.90,-4.87,0.00,0.00,0.00,
9.79,0.86,-4.67,-3.00,-1.00,0.00,
9.72,0.74,-4.59,-1.00,0.00,0.00,
9.80,0.88,-4.61,-1.00,1.00,0.00,
9.98,0.90,-4.89,0.00,0.00,0.00,
9.78,0.99,-4.68,-1.00,-1.00,1.00,
9.87,1.06,-4.57,-2.00,-1.00,0.00,
9.76,0.96,-4.56,-2.00,0.00,-1.00,
9.70,0.85,-4.67,-1.00,0.00,0.00,
9.81,0.86,-4.87,-1.00,1.00,1.00,
9.79,0.97,-4.80,-1.00,0.00,1.00,
9.87,1.11,-4.65,-3.00,0.00,1.00,
9.92,0.95,-4.59,-3.00,0.00,0.00,
9.81,1.02,-4.52,-3.00,0.00,0.00,
9.87,1.11,-4.71,-1.00,1.00,2.00,
12.29,8.16,-6.03,2.00,6.00,-25.00,
18.41,13.46,-8.47,-131.00,-20.00,-131.00,
11.68,8.87,-1.84,-108.00,26.00,-131.00,
2.33,-16.20,5.48,-131.00,-36.00,-131.00,
4.66,-7.47,1.10,24.00,131.00,131.00,
1.97,32.33,-13.86,-8.00,-21.00,-37.00,
-0.22,-0.76,0.51,-29.00,-1.00,-131.00,
-6.65,-8.47,0.09,-4.00,-2.00,79.00,
4.08,-1.88,-4.71,47.00,75.00,131.00,
8.32,11.61,-5.82,25.00,15.00,98.00,
6.95,4.94,-4.84,95.00,-26.00,82.00,
10.44,8.52,-2.74,-15.00,-11.00,121.00,
11.15,1.73,-4.94,-88.00,10.00,109.00,
10.75,5.30,-3.08,-52.00,-10.00,61.00,
11.90,4.32,-3.71,-43.00,18.00,44.00,
11.54,2.91,-4.48,-17.00,-5.00,9.00,
10.02,1.94,-3.60,-38.00,-13.00,-30.00,
9.61,0.88,-3.70,-10.00,-6.00,-20.00,
9.80,2.40,-3.15,-19.00,-1.00,-6.00,
12.20,6.22,-4.90,20.00,10.00,-51.00,
14.08,15.19,-5.30,-39.00,3.00,-131.00,
15.07,15.74,0.12,-86.00,30.00,-131.00,
7.06,-2.27,-2.98,13.00,7.00,-131.00,
-4.00,-7.50,2.56,-131.00,4.00,-14.00,
-0.39,-3.82,1.98,-2.00,37.00,131.00,
5.95,39.24,4.92,1.00,16.00,88.00,
-1.30,16.88,-1.95,31.00,27.00,-131.00,
-5.69,-10.65,1.13,-62.00,15.00,-82.00,
-3.21,-8.17,-0.02,15.00,-4.00,129.00,
5.54,13.37,-1.61,37.00,29.00,131.00,
7.96,19.09,-0.20,-5.00,34.00,68.00,
5.08,2.89,-2.17,0.00,-105.00,74.00,
10.05,3.85,-1.15,31.00,-18.00,131.00,
14.66,10.14,-2.85,60.00,-26.00,131.00,
13.14,6.06,-3.82,-101.00,34.00,50.00,
10.11,4.58,-3.17,-48.00,-13.00,-3.00,
10.97,4.00,-4.47,-36.00,10.00,-25.00,
9.65,1.12,-4.19,-31.00,-11.00,-44.00,
9.48,0.74,-4.23,14.00,-6.00,-20.00,
9.08,1.67,-3.47,-24.00,-1.00,-4.00,
10.29,6.71,-2.44,9.00,6.00,-3.00,
11.75,10.69,-6.12,-8.00,7.00,-60.00,
13.33,16.23,-4.58,-62.00,10.00,-131.00,
9.54,11.49,0.35,-91.00,41.00,-131.00,
1.85,-3.30,-1.37,-60.00,58.00,-131.00,
-2.79,-12.65,4.77,-131.00,47.00,46.00,
3.28,0.39,-2.60,-8.00,48.00,131.00,
-2.37,35.36,-3.70,0.00,25.00,-9.00,
1.07,7.64,-1.24,3.00,17.00,-131.00,
-6.15,-11.91,-1.04,-3.00,22.00,-47.00,
-4.06,-5.95,-0.90,21.00,-30.00,120.00,
6.86,10.51,-3.01,95.00,31.00,131.00,
4.65,13.98,-2.34,-18.00,23.00,85.00,
6.62,3.56,-2.82,40.00,-44.00,131.00,
11.16,9.78,-1.51,-25.00,-9.00,124.00,
13.15,6.14,-4.10,14.00,12.00,116.00,
13.08,5.26,-3.27,-98.00,6.00,67.00,
10.65,5.67,-2.61,-55.00,-2.00,10.00,
10.64,2.52,-3.73,-43.00,-8.00,-35.00,
9.73,2.18,-3.66,-27.00,-2.00,-35.00,
9.47,1.29,-3.54,-12.00,-3.00,-22.00,
9.42,2.60,-3.16,3.00,4.00,-5.00,
10.29,8.22,-2.53,-24.00,21.00,-19.00,
14.04,15.60,-3.95,22.00,19.00,-106.00,
15.69,18.19,-1.17,-36.00,23.00,-131.00,
6.11,2.15,-2.44,-96.00,37.00,-131.00,
-2.34,-10.01,0.18,-89.00,24.00,-76.00,
0.07,-8.27,2.81,-28.00,2.00,131.00,
8.69,29.79,1.52,-106.00,2.00,131.00,
0.01,25.98,2.43,-2.00,31.00,-131.00,
-1.65,-7.95,-1.54,11.00,20.00,-131.00,
-6.02,-13.82,-2.76,19.00,-30.00,40.00,
0.33,-0.70,-1.70,-21.00,-13.00,131.00,
9.30,10.50,-0.78,-46.00,25.00,131.00,
14.33,4.70,-2.25,52.00,52.00,131.00,
14.58,4.14,-4.45,-26.00,-36.00,120.00,
14.18,7.75,-0.83,-63.00,-26.00,98.00,
12.00,4.90,-2.45,-45.00,0.00,70.00,
10.21,5.48,-2.68,-54.00,6.00,11.00,
10.85,4.01,-4.37,-9.00,3.00,-27.00,
10.36,2.74,-4.27,-29.00,-1.00,-53.00,
10.47,0.88,-4.26,9.00,-5.00,-49.00,
8.67,1.67,-3.19,-14.00,-1.00,-23.00,
9.01,2.31,-3.04,-13.00,9.00,-2.00,
10.68,8.22,-4.30,14.00,9.00,-5.00,
12.82,16.75,-5.83,-78.00,-35.00,-131.00,
10.80,12.58,-0.77,-103.00,-3.00,-131.00,
6.12,-3.18,-2.78,-10.00,4.00,-131.00,
-3.53,-11.97,3.63,-131.00,19.00,-20.00,
-0.54,-4.93,2.49,12.00,18.00,131.00,
3.19,29.20,0.02,-4.00,26.00,127.00,
1.08,25.00,-0.34,-3.00,10.00,-99.00,
-2.10,-0.00,-1.90,17.00,-4.00,-131.00,
-6.85,-13.96,-1.55,48.00,-14.00,6.00,
-2.49,-1.82,-1.97,48.00,0.00,131.00,
4.01,14.30,-3.60,131.00,37.00,131.00,
12.72,0.20,-5.93,41.00,28.00,131.00,
15.87,1.84,-6.42,-11.00,43.00,129.00,
15.94,5.52,-2.36,-131.00,-17.00,88.00,
12.09,2.62,-4.01,-26.00,-21.00,70.00,
10.36,3.79,-3.39,-71.00,3.00,15.00,
9.45,2.96,-3.95,-48.00,1.00,0.00,
10.31,3.24,-4.54,-3.00,8.00,-15.00,
10.42,1.72,-5.05,0.00,4.00,-35.00,
9.98,1.14,-4.33,-2.00,2.00,-40.00,
9.37,0.84,-3.64,-4.00,5.00,-23.00,
11.49,6.59,-2.17,64.00,24.00,-37.00,
13.61,13.55,-4.80,6.00,48.00,-111.00,
11.93,17.22,-3.56,-31.00,15.00,-131.00,
5.30,5.37,-2.91,-45.00,19.00,-131.00,
-2.01,-6.17,-1.47,-22.00,18.00,-117.00,
-4.00,-8.29,2.89,-82.00,15.00,64.00,
3.65,0.74,0.27,-50.00,28.00,131.00,
-4.10,36.79,-2.29,-8.00,20.00,-12.00,
-0.18,4.06,-2.16,27.00,2.00,-131.00,
-5.19,-14.33,3.85,22.00,5.00,-24.00,
-0.41,-3.52,-2.07,8.00,11.00,131.00,
12.04,8.97,-6.20,57.00,26.00,131.00,
13.10,13.22,-2.46,-76.00,-46.00,130.00,
12.75,8.71,-3.67,-27.00,-28.00,129.00,
14.62,4.22,-3.57,-91.00,-17.00,117.00,
12.22,6.89,-1.68,-70.00,-15.00,56.00,
9.92,4.40,-3.17,-29.00,9.00,-3.00,
10.49,2.78,-5.07,-24.00,2.00,-33.00,
9.52,2.78,-4.82,-3.00,3.00,-35.00,
9.45,2.17,-4.28,-23.00,1.00,-30.00,
8.69,2.40,-3.48,0.00,5.00,-7.00,
9.88,12.04,-3.03,45.00,27.00,-17.00,
13.05,16.68,-5.56,-39.00,7.00,-124.00,
14.77,18.63,-2.55,-44.00,22.00,-131.00,
7.80,0.30,-3.55,-16.00,19.00,-131.00,
-2.61,-11.81,0.03,-58.00,23.00,-65.00,
-2.26,-7.25,-0.00,-36.00,-6.00,131.00,
0.78,17.49,-0.99,-10.00,-5.00,131.00,
-4.20,22.93,0.80,2.00,27.00,-120.00,
-2.80,-4.50,-1.49,4.00,0.00,-102.00,
-5.19,-7.87,-1.51,-11.00,8.00,57.00,
0.65,5.09,-2.38,-4.00,9.00,131.00,
6.71,12.47,-2.60,58.00,20.00,131.00,
12.63,7.37,-5.19,-19.00,56.00,131.00,
16.37,2.37,-5.18,-34.00,-20.00,131.00,
17.20,5.81,-2.46,-131.00,-19.00,127.00,
11.16,5.33,-3.13,0.00,-8.00,35.00,
9.58,3.75,-4.23,-45.00,8.00,-4.00,
11.08,3.38,-5.34,-15.00,0.00,-37.00,
9.55,2.08,-5.00,-10.00,0.00,-50.00,
9.24,0.99,-4.75,1.00,0.00,-31.00,
8.74,1.20,-4.05,0.00,9.00,-3.00,
9.09,1.83,-3.88,-5.00,26.00,25.00,
13.41,9.99,-8.68,75.00,6.00,-42.00,
16.33,18.99,-6.19,-67.00,-51.00,-131.00,
14.32,7.82,-4.47,-57.00,-27.00,-131.00,
1.56,-6.74,-3.04,-103.00,-7.00,-131.00,
-3.35,-8.67,2.43,-67.00,43.00,45.00,
4.09,2.93,-3.27,-60.00,41.00,131.00,
-2.50,32.60,-1.66,-56.00,16.00,-4.00,
-1.37,6.61,-2.26,-16.00,9.00,-131.00,
-4.17,-7.51,0.68,22.00,8.00,-42.00,
-6.47,-2.30,-0.92,-18.00,-7.00,70.00,
-0.22,-0.99,-1.46,21.00,44.00,131.00,
8.80,18.67,-5.30,-39.00,17.00,130.00,
7.29,6.32,-5.78,-34.00,-17.00,107.00,
9.57,7.76,-1.14,-70.00,2.00,108.00,
8.91,3.10,-3.24,48.00,-26.00,84.00,
13.22,4.94,-1.92,-106.00,-10.00,77.00,
10.67,4.64,-2.86,-16.00,-14.00,54.00,
10.44,4.93,-3.45,-27.00,-4.00,18.00,
9.79,3.87,-3.34,-36.00,-6.00,-19.00,
9.86,3.18,-3.87,-9.00,2.00,-28.00,
9.59,2.46,-3.66,-8.00,6.00,-31.00,
9.41,1.88,-3.69,2.00,7.00,-15.00,
10.00,8.17,-2.92,39.00,19.00,-8.00,
13.46,15.01,-5.73,-17.00,3.00,-105.00,
16.03,17.10,-2.96,-31.00,-11.00,-131.00,
9.53,2.14,-3.85,-24.00,-2.00,-131.00,
-0.52,-7.52,-1.87,-68.00,-16.00,-112.00,
-5.53,-7.87,1.17,-24.00,-2.00,55.00,
-2.03,-1.80,2.77,-66.00,17.00,131.00,
7.23,34.85,3.92,-127.00,-23.00,98.00,
-1.83,15.82,-1.20,12.00,-6.00,-131.00,
-2.27,-5.06,1.35,12.00,-6.00,-114.00,
-6.94,-10.36,-1.10,8.00,21.00,37.00,
-2.36,0.72,-2.01,-12.00,16.00,131.00,
8.81,5.65,-3.08,18.00,50.00,131.00,
16.27,4.94,-7.43,71.00,58.00,131.00,
15.77,4.22,-5.69,-9.00,-10.00,117.00,
14.74,4.50,-4.15,-92.00,13.00,105.00,
11.61,5.75,-3.18,-49.00,-24.00,67.00,
10.39,4.34,-4.61,-37.00,17.00,-1.00,
9.73,2.75,-5.28,-23.00,5.00,-24.00,
10.24,1.67,-5.13,-31.00,-7.00,-41.00,
9.57,1.10,-4.94,5.00,0.00,-38.00,
8.60,0.72,-4.67,-7.00,7.00,-15.00,
8.55,2.86,-3.97,-1.00,13.00,16.00,
11.81,9.73,-7.09,26.00,15.00,-16.00,
16.52,15.97,-7.46,-35.00,-21.00,-131.00,
15.51,11.69,-5.66,-70.00,-52.00,-131.00,
6.00,0.24,-4.09,-40.00,-11.00,-131.00,
-3.80,-9.62,1.12,-70.00,-24.00,-64.00,
-4.60,-6.27,3.69,-68.00,3.00,104.00,
1.30,6.12,-2.50,-52.00,35.00,131.00,
-1.02,28.83,2.11,6.00,25.00,-27.00,
-3.09,7.55,-1.08,-22.00,21.00,-131.00,
-4.17,-8.25,1.31,-8.00,12.00,-73.00,
-6.82,-6.71,-1.70,-6.00,9.00,64.00,
-0.08,0.85,-2.27,33.00,18.00,131.00,
13.19,12.28,-5.50,107.00,48.00,131.00,
15.14,16.38,-3.48,-16.00,-21.00,131.00,
15.97,4.95,-3.92,-86.00,-13.00,131.00,
13.94,5.13,-2.99,-20.00,-25.00,99.00,
10.64,6.30,-1.61,-73.00,-10.00,39.00,
9.35,4.25,-3.51,-35.00,8.00,-4.00,
9.30,4.39,-4.20,-34.00,15.00,-28.00,
10.85,2.00,-5.85,22.00,0.00,-47.00,
9.47,2.02,-5.16,7.00,0.00,-36.00,
8.89,1.66,-4.02,-21.00,-6.00,-16.00,
8.60,2.47,-3.53,-2.00,0.00,3.00,
8.41,2.37,-3.42,-10.00,8.00,29.00,
10.89,12.52,-5.48,53.00,0.00,0.00,
15.82,20.75,-6.09,-38.00,-29.00,-131.00,
18.43,14.57,-6.14,-27.00,-22.00,-131.00,
5.51,-4.89,-3.76,-53.00,-31.00,-131.00,
-2.64,-9.74,1.13,-9.00,-10.00,-52.00,
-3.40,-5.05,2.76,-47.00,15.00,124.00,
3.31,24.45,-2.88,-76.00,13.00,131.00,
-4.22,20.73,-2.38,-21.00,18.00,-116.00,
-2.94,-3.75,-1.67,-13.00,2.00,-113.00,
-4.42,-7.16,-0.97,21.00,8.00,25.00,
-1.32,-0.82,-2.64,10.00,-10.00,131.00,
9.49,2.87,-3.17,86.00,37.00,131.00,
16.55,7.97,-5.73,-3.00,53.00,131.00,
18.71,5.32,-8.24,34.00,38.00,111.00,
10.79,4.48,-4.49,-120.00,-20.00,71.00,
10.94,5.25,-2.56,-90.00,-25.00,43.00,
9.57,5.66,-1.91,-59.00,-4.00,5.00,
10.06,4.03,-4.91,29.00,17.00,-24.00,
9.49,1.14,-5.52,-19.00,-2.00,-37.00,
9.63,1.48,-5.51,15.00,-2.00,-23.00,
9.09,1.12,-4.64,-21.00,-3.00,-8.00,
8.65,1.80,-3.92,0.00,4.00,12.00,
9.75,5.57,-3.38,-11.00,15.00,25.00,
12.60,15.13,-6.85,49.00,12.00,-81.00,
17.95,18.19,-4.83,-40.00,-20.00,-131.00,
12.99,5.97,-4.54,-62.00,-4.00,-131.00,
2.46,-3.68,-3.11,-50.00,16.00,-131.00,
-5.11,-8.41,-0.41,-62.00,7.00,-22.00,
-3.76,-3.85,-1.71,-16.00,9.00,124.00,
3.14,19.23,-1.62,20.00,3.00,131.00,
-3.20,27.91,-1.40,11.00,10.00,-88.00,
-2.25,0.14,-1.52,9.00,-16.00,-131.00,
-5.39,-6.31,1.07,14.00,1.00,-16.00,
-5.15,-4.10,-1.15,14.00,12.00,96.00,
3.73,2.99,-2.92,57.00,40.00,131.00,
13.67,4.73,-4.30,131.00,83.00,131.00,
20.52,6.14,-6.24,-73.00,28.00,131.00,
17.45,4.76,-4.84,-67.00,12.00,120.00,
12.55,4.53,-2.36,-114.00,-15.00,44.00,
9.47,4.20,-1.90,-75.00,-10.00,10.00,
9.35,3.84,-2.89,-33.00,9.00,-7.00,
10.40,3.54,-5.07,23.00,26.00,-30.00,
10.28,0.49,-5.90,11.00,-4.00,-42.00,
9.76,1.34,-4.91,-1.00,-2.00,-24.00,
9.47,0.92,-4.29,-15.00,-4.00,-5.00,
9.16,1.36,-3.90,-9.00,4.00,14.00,
10.69,10.15,-2.98,27.00,16.00,11.00,
13.66,13.34,-7.81,-20.00,-14.00,-87.00,
17.35,14.33,-5.74,-36.00,-33.00,-131.00,
11.37,6.65,-4.60,-60.00,-36.00,-131.00,
0.92,-6.75,-2.23,-49.00,-12.00,-131.00,
-4.10,-9.32,2.31,-66.00,18.00,32.00,
-1.17,-0.23,-1.58,-22.00,28.00,131.00,
-5.49,35.66,0.67,-26.00,19.00,3.00,
-2.84,5.71,-1.27,13.00,22.00,-131.00,
-4.80,-5.40,-0.46,11.00,10.00,-40.00,
-5.02,-2.48,-2.22,31.00,-10.00,77.00,
3.27,2.60,-2.05,-7.00,28.00,131.00,
11.66,9.91,-2.79,68.00,-39.00,131.00,
16.68,10.37,-6.18,0.00,36.00,131.00,
11.62,5.16,-5.07,-39.00,-40.00,130.00,
13.97,5.33,-3.61,-56.00,-16.00,109.00,
10.96,5.88,-2.83,-21.00,-4.00,28.00,
9.60,3.15,-4.02,-19.00,7.00,-30.00,
9.74,2.49,-4.47,-22.00,17.00,-38.00,
11.20,0.54,-5.76,43.00,1.00,-42.00,
9.11,0.97,-5.38,7.00,2.00,-21.00,
9.20,1.16,-4.35,-13.00,-13.00,-3.00,
9.01,2.05,-3.54,-2.00,-1.00,9.00,
9.07,2.57,-3.49,-6.00,11.00,22.00,
12.64,12.86,-6.56,62.00,5.00,-40.00,
17.12,20.48,-5.57,-38.00,-18.00,-131.00,
17.57,9.84,-5.06,-28.00,-9.00,-131.00,
4.06,-4.99,-3.35,-60.00,-9.00,-131.00,
-3.37,-9.25,1.41,-90.00,17.00,9.00,
-2.55,-3.43,-0.43,-31.00,26.00,131.00,
2.51,26.50,-1.83,-50.00,2.00,105.00,
-3.96,16.65,-1.00,-20.00,5.00,-131.00,
-3.59,-5.71,-0.65,2.00,2.00,-105.00,
-5.02,-9.31,-0.70,13.00,5.00,44.00,
0.97,-1.79,-2.07,17.00,9.00,131.00,
9.43,7.67,-3.73,131.00,79.00,131.00,
20.14,4.92,-7.33,-62.00,69.00,131.00,
17.08,2.25,-4.38,-98.00,-22.00,131.00,
15.95,6.06,-1.77,-104.00,-29.00,101.00,
10.28,4.33,-2.14,-51.00,-7.00,28.00,
9.13,3.33,-3.50,-49.00,11.00,-8.00,
9.30,2.42,-5.00,-18.00,16.00,-23.00,
11.03,1.48,-6.56,32.00,0.00,-30.00,
9.39,1.52,-5.64,0.00,3.00,-21.00,
9.37,1.14,-4.70,-8.00,-5.00,-13.00,
9.34,1.28,-4.22,-2.00,1.00,-1.00,
9.18,3.41,-3.79,-27.00,17.00,12.00,
11.65,10.79,-6.20,29.00,0.00,-40.00,
15.38,14.35,-6.04,-39.00,-18.00,-131.00,
12.66,11.76,-3.64,-64.00,4.00,-131.00,
5.31,0.95,-2.92,-43.00,40.00,-131.00,
-3.38,-8.27,-2.37,-61.00,26.00,-64.00,
-3.09,-4.91,0.72,-51.00,-9.00,114.00,
5.99,22.79,-1.55,-15.00,-25.00,131.00,
-3.48,23.37,-4.12,21.00,9.00,-123.00,
-0.51,-6.03,-0.34,1.00,-32.00,-113.00,
-4.17,-8.98,0.73,7.00,23.00,69.00,
3.28,3.55,-4.48,14.00,56.00,131.00,
10.26,12.95,-4.51,77.00,40.00,131.00,
13.76,8.01,-6.81,24.00,5.00,131.00,
14.03,7.04,-4.97,-59.00,15.00,93.00,
11.96,3.51,-3.51,-98.00,-14.00,53.00,
10.95,4.58,-3.08,-81.00,-6.00,26.00,
9.65,2.63,-3.82,-48.00,-1.00,1.00,
9.41,1.87,-4.61,-7.00,-10.00,0.00,
9.61,2.66,-4.25,-8.00,0.00,6.00,
9.42,2.35,-4.07,-7.00,1.00,-5.00,
9.55,2.27,-3.75,0.00,5.00,-6.00,
11.81,7.92,-4.10,44.00,8.00,-48.00,
16.27,16.36,-5.56,-5.00,-6.00,-131.00,
20.44,16.53,-4.52,-28.00,-1.00,-131.00,
9.19,1.53,-5.70,-37.00,-7.00,-131.00,
-2.45,-11.10,0.26,-81.00,-6.00,-81.00,
-2.19,-8.49,0.37,-5.00,-3.00,92.00,
3.01,12.54,2.10,-74.00,-7.00,131.00,
-5.59,31.12,-1.37,5.00,19.00,-6.00,
-2.50,12.21,-0.06,-3.00,18.00,-131.00,
-4.39,-10.41,0.24,13.00,20.00,-77.00,
-2.54,-6.24,-2.00,19.00,-1.00,117.00,
4.84,9.92,-2.06,104.00,44.00,131.00,
17.16,14.20,-2.80,-31.00,57.00,131.00,
20.05,4.45,-6.92,-131.00,27.00,131.00,
16.92,3.57,-3.11,-131.00,-60.00,128.00,
12.31,7.70,-0.87,-25.00,-27.00,47.00,
9.28,3.44,-2.48,-53.00,-7.00,-8.00,
8.51,3.28,-3.25,-39.00,8.00,-25.00,
10.33,4.56,-6.08,28.00,28.00,-22.00,
9.49,2.03,-6.53,3.00,9.00,-40.00,
9.87,2.24,-5.47,30.00,-5.00,-25.00,
8.73,2.61,-4.04,-28.00,1.00,-18.00,
9.22,4.10,-4.65,7.00,5.00,-15.00,
9.96,11.41,-5.04,15.00,10.00,-50.00,
13.05,20.73,-5.08,-54.00,11.00,-131.00,
12.53,8.97,-4.60,-3.00,23.00,-131.00,
1.80,-8.73,-4.33,-68.00,-30.00,-131.00,
-3.01,-11.76,1.43,-33.00,-4.00,21.00,
-0.19,-0.52,0.48,-50.00,3.00,131.00,
-3.73,33.71,1.93,-124.00,-16.00,66.00,
-4.09,9.30,-2.49,8.00,16.00,-131.00,
-3.91,-7.49,-0.35,-10.00,8.00,-65.00,
-3.67,-5.77,-1.41,-27.00,-4.00,99.00,
2.41,4.62,-1.91,46.00,41.00,131.00,
7.97,11.08,-5.36,131.00,7.00,131.00,
12.65,5.09,-7.27,88.00,0.00,131.00,
17.16,5.53,-6.70,-64.00,7.00,131.00,
13.63,7.01,-3.92,-84.00,1.00,45.00,
9.08,3.82,-3.03,-75.00,-23.00,-7.00,
8.95,2.91,-4.09,-52.00,3.00,-9.00,
10.00,2.56,-5.60,20.00,9.00,0.00,
9.58,2.64,-5.20,-6.00,-1.00,0.00,
9.32,2.62,-4.50,0.00,1.00,-1.00,
9.45,2.11,-4.24,3.00,2.00,-2.00,
10.55,7.23,-3.37,7.00,11.00,-17.00,
15.44,12.71,-6.42,-20.00,3.00,-126.00,
18.94,17.23,-4.38,-34.00,-6.00,-131.00,
9.12,1.46,-4.67,-26.00,-1.00,-131.00,
-1.28,-6.88,-1.76,-41.00,5.00,-103.00,
-3.74,-8.13,0.69,-45.00,13.00,90.00,
2.07,9.88,-2.49,-6.00,29.00,131.00,
-4.50,27.73,1.71,-8.00,6.00,-41.00,
-1.77,5.11,-1.45,10.00,13.00,-131.00,
-4.51,-8.49,0.02,17.00,9.00,-51.00,
-4.69,-4.56,-1.47,-11.00,-6.00,100.00,
2.73,6.53,-1.98,70.00,35.00,131.00,
12.66,10.66,-6.41,94.00,65.00,131.00,
19.58,2.46,-5.88,-73.00,-20.00,131.00,
17.76,5.48,-5.53,31.00,15.00,131.00,
12.71,3.83,-4.68,-55.00,11.00,42.00,
9.47,4.22,-3.76,-49.00,4.00,6.00,
10.07,3.29,-4.33,-28.00,1.00,-27.00,
11.46,2.31,-4.97,-17.00,4.00,-58.00,
11.96,1.03,-5.99,23.00,-7.00,-68.00,
7.94,0.75,-5.08,-5.00,-6.00,-32.00,
7.87,1.51,-4.44,0.00,-10.00,8.00,
8.37,1.69,-4.15,-6.00,0.00,31.00,
9.91,8.08,-2.49,0.00,13.00,47.00,
12.78,13.61,-6.92,10.00,12.00,-66.00,
18.12,15.98,-7.25,-48.00,-20.00,-131.00,
14.40,6.96,-4.86,-46.00,8.00,-131.00,
2.85,-6.26,-3.61,-21.00,-12.00,-131.00,
-4.17,-8.84,0.13,-69.00,0.00,3.00,
-2.63,-4.09,-0.15,-40.00,1.00,131.00,
-0.15,30.65,0.95,38.00,-7.00,90.00,
-3.50,17.05,-0.46,14.00,9.00,-131.00,
-3.26,-4.85,-0.71,28.00,0.00,-108.00,
-4.96,-7.53,-1.02,1.00,4.00,50.00,
-0.56,-0.91,-2.13,-14.00,-15.00,131.00,
5.20,17.16,-4.65,12.00,-18.00,131.00,
2.16,8.25,-5.88,60.00,-20.00,57.00,
5.30,5.01,-5.02,-3.00,23.00,131.00,
11.83,3.72,-5.17,40.00,11.00,131.00,
13.71,1.97,-5.11,-69.00,0.00,104.00,
12.52,5.80,-3.84,-51.00,11.00,61.00,
10.02,2.62,-5.20,-30.00,6.00,10.00,
10.24,2.79,-5.93,-23.00,9.00,-13.00,
9.52,1.89,-5.42,-8.00,-5.00,-26.00,
10.17,0.58,-5.42,2.00,-10.00,-31.00,
9.23,0.77,-4.27,-14.00,-6.00,-23.00,
9.11,1.61,-4.01,0.00,9.00,-2.00,
11.44,9.60,-7.93,0.00,13.00,-52.00,
14.89,16.15,-6.81,-83.00,-15.00,-131.00,
13.70,11.99,-4.68,-89.00,-2.00,-131.00,
5.05,-2.14,-4.13,-5.00,1.00,-131.00,
-3.79,-9.29,0.12,-51.00,-5.00,-22.00,
-2.32,-5.32,1.24,-58.00,2.00,131.00,
2.07,18.21,-0.41,-29.00,-6.00,131.00,
-2.91,25.14,1.95,-1.00,29.00,-74.00,
-0.90,4.01,0.02,9.00,26.00,-131.00,
-4.42,-7.55,-0.20,5.00,27.00,-17.00,
-3.11,-2.91,-2.61,24.00,0.00,118.00,
5.90,4.54,-4.68,105.00,74.00,131.00,
15.56,4.46,-7.99,63.00,40.00,131.00,
18.23,4.66,-8.65,39.00,11.00,131.00,
14.86,5.66,-4.87,-95.00,17.00,54.00,
9.82,3.19,-3.34,-81.00,-25.00,2.00,
9.45,3.03,-3.59,-43.00,-2.00,0.00,
9.28,2.69,-4.73,-14.00,10.00,-6.00,
10.40,2.02,-5.97,29.00,11.00,-9.00,
9.27,1.71,-5.64,2.00,0.00,-6.00,
9.45,1.45,-4.60,-8.00,-11.00,-7.00,
9.08,1.84,-3.57,-2.00,0.00,0.00,
11.51,7.37,-4.64,41.00,12.00,-27.00,
14.82,11.80,-6.76,2.00,-6.00,-116.00,
14.01,14.19,-5.71,-89.00,-11.00,-131.00,
8.27,5.86,-4.58,-57.00,7.00,-131.00,
0.37,-6.22,-2.57,-19.00,-6.00,-131.00,
-4.98,-9.09,0.76,-31.00,15.00,28.00,
-2.40,-3.53,0.69,-51.00,39.00,131.00,
-0.23,38.61,-1.48,0.00,12.00,59.00,
-3.65,9.99,-4.49,9.00,3.00,-131.00,
-4.59,-6.46,0.31,13.00,5.00,-62.00,
-3.73,-5.26,-1.79,17.00,-6.00,81.00,
4.20,2.11,-4.51,6.00,50.00,131.00,
15.19,2.04,-6.30,131.00,94.00,131.00,
19.88,7.60,-7.56,-10.00,5.00,131.00,
15.08,6.55,-4.62,-121.00,19.00,51.00,
9.95,3.84,-2.67,-83.00,-35.00,3.00,
8.82,2.96,-3.17,-54.00,-4.00,2.00,
8.95,2.85,-4.27,-5.00,4.00,0.00,
10.55,2.94,-6.04,16.00,9.00,-5.00,
9.41,2.11,-5.32,-6.00,-3.00,-14.00,
9.58,1.83,-4.96,8.00,-3.00,-12.00,
9.29,1.80,-4.34,-1.00,0.00,-10.00,
9.24,1.96,-4.24,-1.00,9.00,-2.00,
10.57,8.57,-4.57,41.00,13.00,-18.00,
16.44,14.85,-6.33,-7.00,-4.00,-124.00,
16.74,15.86,-3.43,-68.00,15.00,-131.00,
9.48,-1.87,-5.43,15.00,7.00,-131.00,
-3.28,-10.29,-0.34,-41.00,-17.00,-69.00,
-4.34,-7.02,1.46,-41.00,9.00,118.00,
-0.54,16.17,0.07,4.00,-1.00,131.00,
-4.14,24.16,2.02,9.00,41.00,-71.00,
-2.72,2.20,-3.50,-11.00,29.00,-131.00,
-5.57,-7.45,-1.49,-7.00,11.00,-33.00,
-4.71,-2.70,-2.18,8.00,12.00,106.00,
3.16,8.29,-2.39,61.00,30.00,131.00,
8.62,7.11,-7.47,92.00,13.00,131.00,
15.55,10.88,-4.04,13.00,31.00,131.00,
14.73,2.86,-6.72,-39.00,32.00,117.00,
12.96,3.43,-5.26,-68.00,10.00,70.00,
10.95,3.80,-3.50,-99.00,-3.00,19.00,
10.04,3.45,-4.46,-44.00,3.00,-1.00,
9.37,2.05,-4.83,-27.00,-10.00,-19.00,
9.84,1.97,-5.25,-2.00,-4.00,-21.00,
9.44,1.02,-4.39,-29.00,-6.00,-27.00,
8.73,1.58,-4.09,-11.00,13.00,0.00,
11.27,6.90,-7.18,45.00,7.00,-31.00,
15.29,16.79,-6.50,-68.00,-14.00,-131.00,
14.18,12.70,-3.19,-110.00,8.00,-131.00,
8.11,-2.48,-4.48,23.00,5.00,-131.00,
-2.45,-13.14,0.65,-43.00,-6.00,-38.00,
-1.60,-5.80,0.07,-43.00,-11.00,131.00,
-3.04,26.28,0.17,-68.00,-7.00,121.00,
-3.98,13.20,-1.88,11.00,4.00,-131.00,
-4.16,-8.41,-0.05,11.00,-7.00,-87.00,
-4.16,-7.39,-0.41,-9.00,11.00,80.00,
0.17,3.17,-2.73,70.00,55.00,131.00,
10.77,25.13,-4.03,113.00,-13.00,86.00,
0.30,11.10,-7.00,38.00,-13.00,-6.00,
-0.00,1.10,-3.18,56.00,-42.00,67.00,
7.41,5.65,-4.63,35.00,45.00,131.00,
14.14,3.46,-6.31,-49.00,56.00,120.00,
15.10,8.23,-8.09,-127.00,59.00,69.00,
9.73,5.16,-3.51,0.00,-25.00,-12.00,
10.10,2.86,-2.79,-21.00,-26.00,-25.00,
9.79,1.74,-3.10,19.00,-1.00,-16.00,
9.01,1.53,-3.52,-4.00,8.00,0.00,
9.03,1.96,-4.22,10.00,9.00,8.00,
11.43,8.84,-4.44,0.00,16.00,2.00,
17.47,11.81,-8.55,-54.00,-14.00,-131.00,
20.21,16.37,-5.72,-84.00,1.00,-131.00,
10.83,-4.47,-4.91,-22.00,-10.00,-131.00,
-2.47,-14.88,-0.51,11.00,5.00,-52.00,
-2.39,-5.37,1.22,-43.00,-26.00,131.00,
0.60,17.09,0.79,-64.00,10.00,131.00,
-4.75,24.44,0.52,17.00,46.00,-106.00,
-3.06,-3.17,-1.27,13.00,5.00,-119.00,
-5.10,-9.70,-1.10,4.00,14.00,26.00,
0.22,-0.81,-0.40,10.00,-3.00,131.00,
7.75,6.03,-6.34,68.00,42.00,131.00,
8.10,3.09,-15.34,57.00,21.00,116.00,
7.66,4.41,-6.68,95.00,16.00,98.00,
9.89,3.14,-7.47,3.00,30.00,60.00,
10.55,4.25,-6.29,-33.00,-15.00,37.00,
8.98,3.90,-5.96,-57.00,-3.00,9.00,
9.39,3.97,-6.33,2.00,-5.00,-6.00,
9.15,3.88,-5.36,-21.00,-6.00,-22.00,
8.38,2.53,-5.28,-16.00,-7.00,-23.00,
8.54,2.85,-5.82,1.00,0.00,-7.00,
8.08,3.73,-6.67,-19.00,-13.00,2.00,
9.67,8.19,-7.75,12.00,6.00,-11.00,
12.86,13.44,-10.49,-84.00,-52.00,-123.00,
10.73,13.55,-5.25,-66.00,-69.00,-131.00,
4.99,-1.45,-3.19,-47.00,-17.00,-131.00,
-3.93,-14.00,1.63,-64.00,0.00,-48.00,
-0.19,-7.45,1.22,-39.00,-7.00,131.00,
2.59,26.76,2.06,-107.00,-47.00,131.00,
-5.08,16.79,-2.00,11.00,24.00,-131.00,
-4.11,-5.77,-1.11,-24.00,3.00,-86.00,
-4.93,-8.82,-1.00,-29.00,-2.00,51.00,
-1.37,1.03,-2.04,-6.00,8.00,131.00,
-6.89,30.94,1.40,-16.00,0.00,-3.00,
-4.06,3.09,-3.69,30.00,-11.00,-59.00,
-3.95,-1.98,0.43,57.00,-26.00,36.00,
0.64,4.51,-1.03,41.00,35.00,131.00,
8.91,8.43,-4.64,116.00,88.00,131.00,
15.38,5.19,-8.19,-35.00,45.00,124.00,
10.17,3.93,-7.72,-115.00,-15.00,65.00,
10.60,2.14,-6.94,-56.00,19.00,7.00,
8.85,3.96,-4.19,-9.00,-22.00,0.00,
8.96,2.74,-4.63,0.00,0.00,-11.00,
8.83,2.49,-4.86,-5.00,2.00,-5.00,
9.07,4.47,-5.64,9.00,9.00,-7.00,
13.61,9.15,-9.40,12.00,-17.00,-50.00,
18.33,17.69,-6.77,-51.00,-36.00,-131.00,
10.63,7.62,-5.78,-62.00,-41.00,-131.00,
1.40,-6.94,-1.59,-48.00,-37.00,-131.00,
-3.38,-10.57,1.59,-37.00,11.00,41.00,
-2.57,0.55,-2.05,-42.00,19.00,131.00,
-6.66,29.04,0.30,-24.00,16.00,-8.00,
-3.67,2.77,-2.50,-21.00,2.00,-131.00,
-4.89,-8.66,-0.22,19.00,1.00,-40.00,
-3.22,-3.49,-1.18,12.00,-6.00,128.00,
5.57,10.53,-3.02,38.00,64.00,131.00,
4.51,17.60,-5.63,110.00,41.00,107.00,
5.87,11.01,-5.05,50.00,-3.00,104.00,
10.84,3.99,-7.55,53.00,52.00,109.00,
11.27,7.09,-6.32,-91.00,-5.00,41.00,
10.06,2.01,-7.67,24.00,13.00,10.00,
9.23,4.44,-5.80,8.00,-7.00,-1.00,
9.92,3.15,-6.96,-6.00,-10.00,-18.00,
8.26,2.98,-5.56,-3.00,-15.00,-22.00,
8.37,2.60,-5.81,1.00,-7.00,-14.00,
7.64,2.68,-5.35,-1.00,2.00,-3.00,
8.93,4.16,-6.85,-2.00,9.00,9.00,
12.10,10.12,-11.23,-61.00,-22.00,-38.00,
11.50,13.09,-9.36,-58.00,-39.00,-131.00,
9.21,10.37,-5.03,-26.00,-71.00,-131.00,
1.46,-4.15,-2.23,-43.00,-56.00,-131.00,
-4.11,-11.08,2.07,-48.00,-4.00,22.00,
-1.71,-3.98,2.07,-64.00,10.00,131.00,
1.80,27.47,-0.44,3.00,20.00,101.00,
-3.19,12.39,-2.01,26.00,2.00,-131.00,
-4.39,-5.29,0.03,11.00,0.00,-79.00,
-3.66,-6.19,-1.23,-8.00,6.00,71.00,
2.30,7.57,-3.13,19.00,15.00,131.00,
3.24,20.26,-7.41,-3.00,53.00,88.00,
2.41,6.93,-4.46,64.00,-26.00,107.00,
7.26,7.19,-5.99,18.00,53.00,117.00,
10.26,6.16,-6.70,-19.00,27.00,55.00,
10.21,4.80,-7.53,0.00,3.00,28.00,
9.38,7.01,-7.03,9.00,-6.00,-5.00,
8.79,3.87,-6.18,-29.00,-15.00,-20.00,
7.93,3.93,-5.70,11.00,-7.00,-22.00,
7.23,3.17,-5.37,2.00,-6.00,-16.00,
7.37,3.67,-4.97,4.00,9.00,13.00,
8.81,6.28,-7.95,10.00,7.00,13.00,
13.48,9.71,-12.78,-52.00,-20.00,-58.00,
12.10,14.50,-8.92,-33.00,-63.00,-131.00,
5.31,2.90,-3.74,-109.00,-81.00,-131.00,
-1.22,-8.82,-0.04,-40.00,-19.00,-128.00,
-1.94,-7.03,0.65,-54.00,35.00,98.00,
2.54,9.64,-3.84,-17.00,-11.00,131.00,
-5.96,29.61,-1.35,-9.00,8.00,-31.00,
-1.65,6.15,-2.02,9.00,6.00,-131.00,
-4.82,-6.20,0.13,0.00,1.00,-48.00,
-6.65,-4.93,-1.23,5.00,8.00,72.00,
-2.83,3.17,-1.69,-5.00,7.00,131.00,
4.14,22.93,-5.01,-25.00,26.00,97.00,
-1.54,13.39,-5.67,8.00,-6.00,-50.00,
-1.65,2.74,-2.43,46.00,-41.00,13.00,
0.24,2.25,-2.07,66.00,5.00,124.00,
6.51,5.96,-4.99,109.00,75.00,131.00,
11.43,6.50,-8.41,7.00,38.00,69.00,
10.26,-0.23,-14.44,-69.00,-51.00,50.00,
8.14,3.31,-8.86,19.00,14.00,12.00,
8.37,4.02,-5.38,17.00,-4.00,0.00,
9.06,3.80,-5.51,8.00,1.00,-6.00,
8.63,2.58,-5.87,-1.00,-2.00,-4.00,
8.14,2.24,-5.86,-7.00,0.00,5.00,
9.67,6.42,-8.57,-7.00,4.00,2.00,
13.79,12.58,-10.51,-61.00,-18.00,-81.00,
13.09,13.93,-7.59,-78.00,-58.00,-131.00,
5.47,2.91,-5.10,-47.00,-58.00,-131.00,
-1.42,-7.61,-0.53,-36.00,-49.00,-118.00,
-3.67,-8.48,1.57,-42.00,3.00,62.00,
2.03,5.82,-0.30,-5.00,12.00,131.00,
-6.34,32.63,2.90,-14.00,24.00,-12.00,
-2.87,8.50,-1.84,-1.00,16.00,-131.00,
-3.41,-7.46,0.57,-9.00,1.00,-62.00,
-4.64,-6.78,-0.10,-18.00,13.00,97.00,
-0.03,5.37,-2.28,56.00,35.00,131.00,
4.85,19.94,-6.78,73.00,33.00,61.00,
-0.54,6.81,-5.27,30.00,-38.00,-6.00,
0.97,5.73,-1.52,7.00,-34.00,84.00,
6.55,6.47,-4.20,43.00,44.00,103.00,
8.56,9.15,-5.59,-9.00,26.00,83.00,
10.28,5.55,-6.83,-34.00,33.00,71.00,
9.86,9.35,-6.01,-7.00,9.00,12.00,
8.15,3.61,-5.28,-5.00,-12.00,-5.00,
8.84,5.40,-3.99,0.00,-5.00,-11.00,
9.18,3.82,-4.50,-2.00,4.00,-7.00,
8.30,2.99,-4.78,-2.00,7.00,1.00,
8.51,5.33,-7.87,9.00,-6.00,8.00,
13.46,12.75,-10.69,-49.00,12.00,-74.00,
13.94,14.41,-7.86,-66.00,-58.00,-131.00,
8.71,6.48,-3.30,-47.00,-38.00,-131.00,
-0.47,-9.29,-0.99,-41.00,-25.00,-131.00,
-4.00,-9.35,1.54,-47.00,15.00,72.00,
1.78,7.77,-2.85,-100.00,21.00,131.00,
-7.84,25.89,0.74,-43.00,30.00,-41.00,
-2.81,-0.33,-2.32,38.00,1.00,-125.00,
-4.03,-7.57,0.31,24.00,0.00,13.00,
-3.49,-2.01,-1.24,-15.00,4.00,131.00,
2.76,20.28,-2.90,47.00,-27.00,131.00,
-1.89,14.08,-4.65,29.00,12.00,-47.00,
-2.09,2.36,-2.77,36.00,-30.00,-6.00,
-0.40,3.40,-1.30,17.00,-4.00,109.00,
5.90,4.86,-5.77,88.00,67.00,131.00,
9.10,4.28,-8.55,0.00,47.00,103.00,
11.96,4.34,-8.22,-30.00,31.00,80.00,
10.12,9.01,-4.05,-16.00,-4.00,28.00,
10.35,4.00,-5.42,-32.00,5.00,0.00,
8.60,2.87,-4.66,-6.00,-6.00,-12.00,
8.70,2.92,-4.41,0.00,-1.00,-10.00,
8.83,2.72,-4.33,-9.00,2.00,5.00,
9.95,4.96,-6.64,2.00,-11.00,3.00,
11.92,8.94,-7.74,56.00,9.00,-31.00,
14.47,15.58,-7.83,-76.00,-34.00,-131.00,
12.15,12.29,-3.97,-55.00,-23.00,-131.00,
3.16,-6.63,-2.91,-6.00,-26.00,-131.00,
-3.73,-10.67,1.43,-71.00,1.00,13.00,
-1.69,-4.37,-0.45,-46.00,14.00,131.00,
0.82,34.45,4.31,-1.00,-1.00,86.00,
-3.58,14.03,-2.17,13.00,7.00,-131.00,
-3.24,-4.55,-1.22,7.00,-12.00,-100.00,
-5.39,-5.26,-0.27,8.00,-2.00,31.00,
-2.26,0.64,-1.68,-27.00,6.00,131.00,
1.68,23.36,-1.25,-39.00,-16.00,116.00,
-2.45,17.58,-1.83,19.00,16.00,-80.00,
-1.94,2.43,-2.21,32.00,-15.00,-42.00,
-1.99,-0.53,-1.15,46.00,-8.00,65.00,
2.46,6.25,-3.32,78.00,47.00,131.00,
8.56,6.50,-9.23,49.00,41.00,126.00,
11.18,6.44,-8.18,-16.00,6.00,96.00,
11.67,8.68,-6.94,-12.00,33.00,50.00,
9.30,4.62,-6.39,-61.00,-3.00,4.00,
9.27,2.59,-6.43,0.00,0.00,-5.00,
8.90,3.51,-5.43,-1.00,-10.00,-13.00,
8.83,3.73,-5.48,5.00,-4.00,-13.00,
8.39,3.53,-5.18,-5.00,-2.00,-11.00,
8.56,3.07,-5.23,-8.00,-1.00,-3.00,
8.45,4.92,-6.16,-6.00,8.00,-1.00,
12.26,11.79,-10.27,-7.00,-29.00,-64.00,
13.56,17.65,-8.86,-15.00,-60.00,-131.00,
8.78,4.35,-5.28,-93.00,-99.00,-131.00,
1.57,-8.48,-0.94,-45.00,-57.00,-131.00,
-3.29,-10.64,1.57,-44.00,0.00,44.00,
0.19,-1.01,0.80,-92.00,-7.00,131.00,
0.13,31.80,7.62,16.00,-3.00,104.00,
-2.99,16.27,1.12,26.00,33.00,-131.00,
-1.95,-3.85,-0.83,44.00,13.00,-125.00,
-4.48,-7.84,0.13,7.00,-5.00,26.00,
-1.00,-1.63,-0.16,52.00,-10.00,131.00,
6.30,13.71,-3.88,37.00,3.00,131.00,
1.43,19.25,-6.79,-8.00,-13.00,2.00,
0.63,5.59,-3.18,53.00,-46.00,23.00,
3.09,5.47,-2.08,28.00,1.00,92.00,
7.24,6.30,-5.50,59.00,59.00,97.00,
9.75,7.53,-6.65,3.00,1.00,58.00,
10.22,5.24,-7.09,-20.00,19.00,41.00,
9.57,4.66,-7.02,-10.00,4.00,13.00,
8.99,3.67,-6.22,-11.00,-14.00,-4.00,
9.08,3.76,-5.53,1.00,-8.00,-10.00,
8.88,3.13,-5.10,-7.00,-7.00,-15.00,
8.14,2.67,-5.15,-8.00,4.00,-5.00,
8.62,4.34,-5.70,3.00,9.00,4.00,
10.10,7.75,-8.38,2.00,-10.00,-21.00,
12.08,12.01,-9.42,-20.00,-36.00,-96.00,
12.60,11.15,-7.26,-70.00,-64.00,-131.00,
4.83,4.95,-3.75,-76.00,-36.00,-131.00,
-1.75,-6.87,-1.20,-34.00,-17.00,-125.00,
-3.53,-9.35,0.99,-52.00,-5.00,52.00,
-0.17,3.36,-1.51,-58.00,13.00,131.00,
-8.26,33.81,1.17,0.00,42.00,-69.00,
-1.85,2.60,-1.43,23.00,-12.00,-131.00,
-3.84,-7.48,1.65,9.00,15.00,-24.00,
-0.42,-5.58,-0.86,-14.00,7.00,131.00,
6.08,13.18,-2.36,128.00,85.00,131.00,
11.64,6.49,-11.80,-49.00,-6.00,88.00,
12.00,2.54,-9.62,-32.00,2.00,99.00,
11.11,5.63,-6.92,-18.00,17.00,64.00,
9.67,4.55,-4.94,-39.00,-3.00,24.00,
9.85,4.01,-4.80,-11.00,2.00,12.00,
10.35,3.76,-6.29,-8.00,5.00,-21.00,
8.92,3.19,-5.51,-28.00,-9.00,-26.00,
8.53,2.48,-5.49,-2.00,-6.00,-23.00,
8.25,2.37,-4.99,-12.00,-1.00,-13.00,
8.95,5.39,-5.64,-16.00,7.00,-3.00,
13.17,17.72,-9.32,-45.00,-12.00,-80.00,
13.27,15.00,-6.15,-63.00,-58.00,-131.00,
6.39,-0.14,-3.82,-25.00,-48.00,-131.00,
-2.28,-10.86,1.66,-99.00,-29.00,-68.00,
-0.86,-5.53,2.11,2.00,1.00,131.00,
9.62,16.09,-0.52,-40.00,53.00,131.00,
-0.75,32.41,0.01,-45.00,30.00,-78.00,
-0.00,4.67,-1.08,8.00,12.00,-131.00,
-3.82,-9.90,1.76,-12.00,-4.00,-61.00,
-3.38,-7.03,0.22,14.00,10.00,111.00,
