-1.87,-0.20,-10.55,0.00,-1.00,0.00,
-1.90,-0.10,-10.60,0.00,-1.00,0.00,
-1.81,-0.13,-10.59,0.00,-1.00,0.00,
-1.85,-0.11,-10.55,0.00,-1.00,0.00,
-1.88,-0.12,-10.52,0.00,-1.00,0.00,
-1.83,-0.19,-10.53,0.00,-1.00,0.00,
-1.91,-0.11,-10.49,0.00,-1.00,0.00,
-1.90,-0.20,-10.54,0.00,-1.00,0.00,
-1.83,-0.17,-10.58,0.00,-1.00,0.00,
-1.81,-0.24,-10.53,0.00,-1.00,0.00,
-1.86,-0.18,-10.64,0.00,-1.00,0.00,
-1.87,-0.17,-10.70,0.00,-1.00,0.00,
-1.91,-0.14,-10.62,0.00,-1.00,0.00,
-1.86,-0.16,-10.61,0.00,-1.00,0.00,
-1.85,-0.21,-10.56,0.00,-1.00,0.00,
-1.86,-0.17,-10.60,0.00,-1.00,0.00,
-1.85,-0.16,-10.53,0.00,-1.00,0.00,
-1.83,-0.16,-10.49,0.00,-1.00,0.00,
-1.84,-0.16,-10.52,0.00,-1.00,0.00,
-1.93,-0.17,-10.51,0.00,-1.00,0.00,
-1.84,-0.17,-10.52,0.00,-1.00,0.00,
-1.88,-0.13,-10.56,0.00,-1.00,0.00,
-1.82,-0.10,-10.51,0.00,-1.00,0.00,
-1.85,-0.16,-10.55,0.00,-1.00,0.00,
-1.91,-0.15,-10.49,0.00,-1.00,0.00,
-1.87,-0.15,-10.62,0.00,-1.00,0.00,
-1.90,-0.17,-10.57,0.00,-1.00,0.00,
-1.87,-0.20,-10.53,0.00,-1.00,0.00,
-1.84,-0.14,-10.57,0.00,-1.00,0.00,
-1.93,-0.18,-10.64,0.00,-1.00,0.00,
-1.84,-0.20,-10.57,0.00,0.00,0.00,
-1.90,-0.22,-10.67,0.00,0.00,0.00,
-1.86,-0.18,-10.48,0.00,-1.00,0.00,
-1.84,-0.09,-10.61,0.00,-1.00,0.00,
-1.82,-0.17,-10.60,0.00,-1.00,0.00,
-1.84,-0.11,-10.60,0.00,-1.00,0.00,
-1.86,-0.12,-10.51,0.00,-1.00,0.00,
-1.81,-0.17,-10.58,0.00,-1.00,0.00,
-1.83,-0.17,-10.52,0.00,-1.00,0.00,
-1.86,-0.18,-10.57,0.00,-1.00,0.00,
-1.83,-0.17,-10.48,0.00,-1.00,0.00,
-1.88,-0.15,-10.49,0.00,-1.00,0.00,
-1.85,-0.13,-10.53,0.00,-1.00,0.00,
-1.83,-0.15,-10.58,0.00,-1.00,0.00,
-1.97,-0.18,-10.60,0.00,-1.00,0.00,
-1.86,-0.20,-10.63,0.00,-1.00,0.00,
-1.93,-0.23,-10.57,0.00,-1.00,0.00,
-1.88,-0.18,-10.57,0.00,-1.00,0.00,
-1.88,-0.20,-10.57,0.00,-1.00,0.00,
-1.87,-0.16,-10.61,0.00,-1.00,0.00,
-1.90,-0.16,-10.53,0.00,-1.00,0.00,
-1.84,-0.20,-10.58,0.00,-1.00,0.00,
-1.91,-0.16,-10.56,0.00,-1.00,0.00,
-1.89,-0.17,-10.49,0.00,-1.00,0.00,
-1.80,-0.12,-10.47,0.00,-1.00,0.00,
-1.83,-0.13,-10.52,0.00,-1.00,0.00,
-1.83,-0.14,-10.50,0.00,-1.00,0.00,
-1.85,-0.12,-10.57,0.00,-1.00,0.00,
-1.87,-0.18,-10.50,0.00,-1.00,0.00,
-1.84,-0.18,-10.53,0.00,-1.00,0.00,
-1.86,-0.27,-10.59,0.00,-1.00,0.00,
-1.91,-0.19,-10.60,0.00,-1.00,0.00,
-1.93,-0.21,-10.54,0.00,-1.00,0.00,
-1.88,-0.17,-10.60,0.00,-1.00,0.00,
-1.90,-0.24,-10.57,0.00,-1.00,0.00,
-1.88,-0.23,-10.61,0.00,-1.00,0.00,
-1.89,-0.10,-10.60,0.00,-1.00,0.00,
-1.90,-0.19,-10.60,0.00,-1.00,0.00,
-1.85,-0.14,-10.55,0.00,-1.00,0.00,
-1.86,-0.16,-10.61,0.00,-1.00,0.00,
-1.87,-0.09,-10.48,0.00,-1.00,0.00,
-1.87,-0.11,-10.54,0.00,-1.00,0.00,
-1.89,-0.16,-10.53,0.00,-1.00,0.00,
-1.91,-0.15,-10.59,0.00,-1.00,0.00,
-1.83,-0.23,-10.56,0.00,-1.00,0.00,
-1.84,-0.25,-10.49,0.00,-1.00,0.00,
-1.81,-0.14,-10.49,0.00,-1.00,0.00,
-1.94,-0.20,-10.53,0.00,-1.00,0.00,
-1.88,-0.20,-10.58,0.00,-1.00,0.00,
-1.90,-0.24,-10.63,0.00,-1.00,0.00,
-1.93,-0.26,-10.62,0.00,-1.00,0.00,
-1.86,-0.14,-10.64,0.00,-1.00,0.00,
-1.88,-0.13,-10.59,0.00,-1.00,0.00,
-1.87,-0.20,-10.55,0.00,-1.00,0.00,
-1.83,-0.15,-10.52,0.00,-1.00,0.00,
-1.86,-0.13,-10.56,0.00,-1.00,0.00,
-1.77,-0.14,-10.55,0.00,-1.00,0.00,
-1.83,-0.16,-10.46,0.00,-1.00,0.00,
-1.89,-0.07,-10.45,0.00,-1.00,0.00,
-1.89,-0.11,-10.47,0.00,-1.00,0.00,
-1.85,-0.14,-10.48,0.00,-1.00,0.00,
-1.88,-0.20,-10.54,0.00,-1.00,0.00,
-1.92,-0.18,-10.54,0.00,-1.00,0.00,
-1.91,-0.18,-10.55,0.00,-1.00,0.00,
-1.93,-0.22,-10.54,0.00,-1.00,0.00,
-1.90,-0.21,-10.65,0.00,-1.00,0.00,
-1.88,-0.19,-10.65,0.00,-1.00,0.00,
-1.89,-0.15,-10.68,0.00,-1.00,0.00,
-1.87,-0.18,-10.68,0.00,-1.00,0.00,
-1.83,-0.16,-10.61,0.00,-1.00,0.00,
-1.86,-0.20,-10.56,0.00,0.00,0.00,
-1.83,-0.15,-10.55,0.00,-1.00,0.00,
-1.86,-0.13,-10.54,0.00,-1.00,0.00,
-1.84,-0.15,-10.49,0.00,-1.00,0.00,
-1.95,-0.11,-10.54,0.00,-1.00,0.00,
-1.86,-0.16,-10.52,0.00,-1.00,0.00,
-1.85,-0.12,-10.55,0.00,-1.00,0.00,
-1.91,-0.13,-10.56,0.00,-1.00,0.00,
-1.85,-0.17,-10.55,0.00,-1.00,0.00,
-1.83,-0.17,-10.62,0.00,-1.00,0.00,
-1.86,-0.14,-10.53,0.00,-1.00,0.00,
-1.88,-0.16,-10.52,0.00,-1.00,0.00,
-1.94,-0.26,-10.65,0.00,-1.00,0.00,
-1.89,-0.17,-10.67,0.00,-1.00,0.00,
-1.87,-0.21,-10.61,0.00,-1.00,0.00,
-1.83,-0.18,-10.53,0.00,-1.00,0.00,
-1.83,-0.21,-10.50,0.00,-1.00,0.00,
-1.87,-0.14,-10.56,0.00,0.00,0.00,
-1.86,-0.16,-10.59,0.00,-1.00,0.00,
-1.92,-0.12,-10.53,0.00,-1.00,0.00,
-1.93,-0.16,-10.61,0.00,-1.00,0.00,
-1.85,-0.12,-10.48,0.00,-1.00,0.00,
-1.83,-0.15,-10.49,0.00,-1.00,0.00,
-1.83,-0.13,-10.54,0.00,-1.00,0.00,
-1.82,-0.17,-10.49,0.00,-1.00,0.00,
-1.84,-0.17,-10.59,0.00,-1.00,0.00,
-1.91,-0.12,-10.56,0.00,-1.00,0.00,
-1.83,-0.15,-10.59,0.00,-1.00,0.00,
-1.89,-0.21,-10.54,0.00,-1.00,0.00,
-1.92,-0.14,-10.60,0.00,-1.00,0.00,
-1.91,-0.17,-10.62,0.00,-1.00,0.00,
-1.87,-0.16,-10.65,0.00,0.00,0.00,
-1.86,-0.13,-10.62,0.00,-1.00,0.00,
-1.83,-0.16,-10.59,0.00,0.00,0.00,
-1.85,-0.19,-10.59,0.00,-1.00,0.00,
-1.90,-0.14,-10.55,0.00,-1.00,0.00,
-1.86,-0.15,-10.56,0.00,0.00,0.00,
-1.85,-0.16,-10.56,0.00,-1.00,0.00,
-1.82,-0.14,-10.55,0.00,-1.00,0.00,
-1.91,-0.13,-10.51,0.00,-1.00,0.00,
-1.82,-0.12,-10.50,0.00,-1.00,0.00,
-1.85,-0.18,-10.42,0.00,-1.00,0.00,
-1.87,-0.11,-10.50,0.00,-1.00,0.00,
-1.90,-0.16,-10.54,0.00,-1.00,0.00,
-1.86,-0.15,-10.58,0.00,-1.00,0.00,
-1.92,-0.18,-10.55,0.00,-1.00,0.00,
-1.93,-0.20,-10.71,0.00,-1.00,0.00,
-1.88,-0.20,-10.59,0.00,-1.00,0.00,
-1.87,-0.18,-10.68,0.00,-1.00,0.00,
-1.91,-0.25,-10.63,0.00,-1.00,0.00,
-1.88,-0.19,-10.61,0.00,0.00,0.00,
-1.86,-0.17,-10.59,0.00,-1.00,0.00,
-1.79,-0.08,-10.55,0.00,-1.00,0.00,
-1.83,-0.18,-10.55,0.00,-1.00,0.00,
-1.92,-0.16,-10.58,0.00,-1.00,0.00,
-1.83,-0.17,-10.57,0.00,-1.00,0.00,
-1.84,-0.13,-10.55,0.00,-1.00,0.00,
-1.84,-0.13,-10.56,0.00,-1.00,0.00,
-1.81,-0.12,-10.56,0.00,-1.00,0.00,
-1.86,-0.13,-10.43,0.00,-1.00,0.00,
-1.90,-0.17,-10.49,0.00,-1.00,0.00,
-1.85,-0.23,-10.48,0.00,-1.00,0.00,
-1.87,-0.21,-10.57,0.00,-1.00,0.00,
-1.87,-0.13,-10.58,0.00,-1.00,0.00,
-1.89,-0.17,-10.66,0.00,-1.00,0.00,
-1.92,-0.21,-10.66,0.00,-1.00,0.00,
-1.87,-0.18,-10.66,0.00,-1.00,0.00,
-1.90,-0.18,-10.61,0.00,-1.00,0.00,
-1.85,-0.19,-10.53,0.00,0.00,0.00,
-1.85,-0.19,-10.58,0.00,0.00,0.00,
-1.83,-0.09,-10.61,0.00,0.00,0.00,
-1.84,-0.16,-10.55,0.00,-1.00,0.00,
-1.87,-0.14,-10.52,0.00,-1.00,0.00,
-1.83,-0.17,-10.50,0.00,-1.00,0.00,
-1.90,-0.14,-10.56,0.00,-1.00,0.00,
-1.83,-0.12,-10.44,0.00,-1.00,0.00,
-1.89,-0.11,-10.46,0.00,-1.00,0.00,
-1.80,-0.10,-10.52,0.00,-1.00,0.00,
-1.86,-0.17,-10.62,0.00,-1.00,0.00,
-1.85,-0.19,-10.58,0.00,-1.00,0.00,
-1.86,-0.16,-10.60,0.00,-1.00,0.00,
-1.94,-0.12,-10.53,0.00,-1.00,0.00,
-1.84,-0.16,-10.61,0.00,-1.00,0.00,
-1.91,-0.14,-10.66,0.00,-1.00,0.00,
-1.87,-0.23,-10.55,0.00,0.00,0.00,
-1.90,-0.19,-10.62,0.00,-1.00,0.00,
-1.89,-0.18,-10.55,0.00,0.00,0.00,
-1.90,-0.13,-10.53,0.00,0.00,0.00,
-1.87,-0.11,-10.44,0.00,0.00,0.00,
-1.83,-0.13,-10.52,0.00,-1.00,0.00,
-1.85,-0.10,-10.52,0.00,-1.00,0.00,
-1.88,-0.21,-10.49,0.00,-1.00,0.00,
-1.80,-0.17,-10.57,0.00,-1.00,0.00,
-1.87,-0.14,-10.46,0.00,-1.00,0.00,
-1.82,-0.11,-10.49,0.00,-1.00,0.00,
-1.86,-0.17,-10.56,0.00,-1.00,0.00,
-1.88,-0.12,-10.60,0.00,-1.00,0.00,
-1.86,-0.27,-10.67,0.00,-1.00,0.00,
-1.87,-0.16,-10.57,0.00,-1.00,0.00,
-1.94,-0.21,-10.70,0.00,-1.00,0.00,
-1.85,-0.22,-10.65,0.00,-1.00,0.00,
-1.84,-0.22,-10.72,0.00,-1.00,0.00,
-1.80,-0.13,-10.58,0.00,-1.00,0.00,
-1.88,-0.18,-10.56,0.00,-1.00,0.00,
-1.84,-0.11,-10.49,0.00,-1.00,0.00,
-1.84,-0.16,-10.62,0.00,-1.00,0.00,
-1.87,-0.08,-10.53,0.00,-1.00,0.00,
-1.86,-0.13,-10.59,0.00,-1.00,0.00,
-1.86,-0.14,-10.48,0.00,-1.00,0.00,
-1.88,-0.15,-10.47,0.00,-1.00,0.00,
-1.79,-0.20,-10.53,0.00,-1.00,0.00,
-1.81,-0.10,-10.50,0.00,-1.00,0.00,
-1.84,-0.16,-10.59,0.00,-1.00,0.00,
-1.92,-0.16,-10.64,0.00,-1.00,0.00,
-1.94,-0.15,-10.58,0.00,-1.00,0.00,
-1.90,-0.24,-10.59,0.00,-1.00,0.00,
-1.86,-0.19,-10.60,0.00,-1.00,0.00,
-1.87,-0.16,-10.60,0.00,-1.00,0.00,
-1.92,-0.26,-10.67,0.00,-1.00,0.00,
-1.85,-0.18,-10.61,0.00,-1.00,0.00,
-1.85,-0.19,-10.63,0.00,-1.00,0.00,
-1.84,-0.17,-10.56,0.00,-1.00,0.00,
-1.86,-0.12,-10.58,0.00,-1.00,0.00,
-1.83,-0.14,-10.57,0.00,-1.00,0.00,
-1.82,-0.10,-10.48,0.00,-1.00,0.00,
-1.84,-0.12,-10.49,0.00,-1.00,0.00,
-1.87,-0.16,-10.56,0.00,-1.00,0.00,
-1.86,-0.17,-10.52,0.00,-1.00,0.00,
-1.88,-0.20,-10.61,0.00,-1.00,0.00,
-1.86,-0.16,-10.59,0.00,-1.00,0.00,
-1.93,-0.17,-10.57,0.00,-1.00,0.00,
-1.93,-0.15,-10.62,0.00,-1.00,0.00,
-1.95,-0.19,-10.63,0.00,-1.00,0.00,
-1.87,-0.16,-10.58,0.00,-1.00,0.00,
-1.93,-0.17,-10.66,0.00,-1.00,0.00,
-1.84,-0.19,-10.62,0.00,-1.00,0.00,
-1.94,-0.13,-10.62,0.00,-1.00,0.00,
-1.90,-0.16,-10.59,0.00,-1.00,0.00,
-1.89,-0.14,-10.51,0.00,-1.00,0.00,
-1.86,-0.14,-10.63,0.00,-1.00,0.00,
-1.89,-0.14,-10.49,0.00,-1.00,0.00,
-1.86,-0.15,-10.47,0.00,-1.00,0.00,
-1.86,-0.16,-10.55,0.00,-1.00,0.00,
-1.84,-0.11,-10.55,0.00,-1.00,0.00,
-1.86,-0.16,-10.56,0.00,-1.00,0.00,
-1.84,-0.16,-10.52,0.00,-1.00,0.00,
-1.82,-0.21,-10.56,0.00,-1.00,0.00,
-1.91,-0.17,-10.67,0.00,-1.00,0.00,
-1.86,-0.15,-10.58,0.00,-1.00,0.00,
-1.89,-0.22,-10.59,0.00,-1.00,0.00,
-1.93,-0.18,-10.68,0.00,-1.00,0.00,
-1.88,-0.21,-10.64,0.00,-1.00,0.00,
-1.88,-0.23,-10.61,0.00,-1.00,0.00,
-1.89,-0.12,-10.58,0.00,-1.00,0.00,
-1.87,-0.21,-10.51,0.00,-1.00,0.00,
-1.87,-0.14,-10.55,0.00,-1.00,0.00,
-1.86,-0.10,-10.58,0.00,-1.00,0.00,
-1.84,-0.13,-10.44,0.00,-1.00,0.00,
-1.82,-0.07,-10.45,0.00,-1.00,0.00,
-1.89,-0.14,-10.53,0.00,-1.00,0.00,
-1.88,-0.13,-10.57,0.00,-1.00,0.00,
-1.83,-0.18,-10.52,0.00,-1.00,0.00,
-1.84,-0.19,-10.53,0.00,-1.00,0.00,
-1.84,-0.15,-10.55,0.00,-1.00,0.00,
-1.88,-0.17,-10.61,0.00,-1.00,0.00,
-1.94,-0.16,-10.65,0.00,-1.00,0.00,
-1.89,-0.22,-10.64,0.00,-1.00,0.00,
-1.91,-0.11,-10.61,0.00,-1.00,0.00,
-1.89,-0.16,-10.59,0.00,-1.00,0.00,
-1.87,-0.21,-10.55,0.00,-1.00,0.00,
-1.90,-0.17,-10.61,0.00,-1.00,0.00,
-1.87,-0.15,-10.57,0.00,0.00,0.00,
-1.89,-0.22,-10.51,0.00,-1.00,0.00,
-1.85,-0.16,-10.54,0.00,0.00,0.00,
-1.84,-0.12,-10.61,0.00,-1.00,0.00,
-1.87,-0.17,-10.51,0.00,-1.00,0.00,
-1.88,-0.16,-10.49,0.00,-1.00,0.00,
-1.85,-0.15,-10.55,0.00,-1.00,0.00,
-1.89,-0.11,-10.58,0.00,-1.00,0.00,
-1.94,-0.13,-10.44,0.00,-1.00,0.00,
-1.86,-0.16,-10.58,0.00,-1.00,0.00,
-1.88,-0.11,-10.47,0.00,-1.00,0.00,
-1.90,-0.19,-10.61,0.00,-1.00,0.00,
-1.91,-0.13,-10.57,0.00,-1.00,0.00,
-1.85,-0.20,-10.53,0.00,-1.00,0.00,
-1.91,-0.24,-10.58,0.00,-1.00,0.00,
-1.90,-0.17,-10.55,0.00,-1.00,0.00,
-1.84,-0.17,-10.53,0.00,-1.00,0.00,
-1.91,-0.15,-10.57,0.00,-1.00,0.00,
-1.89,-0.15,-10.52,0.00,-1.00,0.00,
-1.83,-0.20,-10.70,0.00,-1.00,0.00,
-1.79,-0.14,-10.55,0.00,-1.00,0.00,
-1.83,-0.18,-10.53,0.00,-1.00,0.00,
-1.82,-0.13,-10.55,0.00,-1.00,0.00,
-1.81,-0.16,-10.43,0.00,-1.00,0.00,
-1.85,-0.17,-10.57,0.00,-1.00,0.00,
-1.83,-0.13,-10.50,0.00,-1.00,0.00,
-1.88,-0.17,-10.51,0.00,-1.00,0.00,
-1.89,-0.18,-10.50,0.00,-1.00,0.00,
-1.88,-0.17,-10.61,0.00,-1.00,0.00,
-1.88,-0.24,-10.67,0.00,-1.00,0.00,
-1.80,-0.24,-10.64,0.00,-1.00,0.00,
-1.91,-0.21,-10.60,0.00,0.00,0.00,
-1.93,-0.20,-10.64,0.00,0.00,0.00,
-1.86,-0.12,-10.60,0.00,0.00,0.00,
-1.90,-0.20,-10.61,0.00,-1.00,0.00,
-1.91,-0.10,-10.60,0.00,-1.00,0.00,
-1.85,-0.10,-10.48,0.00,-1.00,0.00,
-1.86,-0.19,-10.53,0.00,-1.00,0.00,
-1.81,-0.12,-10.46,0.00,-1.00,0.00,
-1.88,-0.13,-10.47,0.00,-1.00,0.00,
-1.88,-0.12,-10.45,0.00,-1.00,0.00,
-1.82,-0.07,-10.46,0.00,-1.00,0.00,
-1.86,-0.17,-10.51,0.00,-1.00,0.00,
-1.88,-0.15,-10.61,0.00,-1.00,0.00,
-1.90,-0.20,-10.65,0.00,-1.00,0.00,
-1.86,-0.18,-10.57,0.00,-1.00,0.00,
-1.88,-0.18,-10.60,0.00,-1.00,0.00,
-1.89,-0.16,-10.68,0.00,-1.00,0.00,
-1.85,-0.15,-10.57,0.00,-1.00,0.00,
-1.91,-0.11,-10.59,0.00,-1.00,0.00,
-1.89,-0.20,-10.65,0.00,0.00,0.00,
-1.79,-0.22,-10.61,0.00,-1.00,0.00,
-1.92,-0.13,-10.60,0.00,-1.00,0.00,
-1.88,-0.18,-10.56,0.00,-1.00,0.00,
-1.81,-0.15,-10.54,0.00,-1.00,0.00,
-1.88,-0.13,-10.51,0.00,-1.00,0.00,
-1.93,-0.20,-10.50,0.00,-1.00,0.00,
-1.85,-0.16,-10.48,0.00,-1.00,0.00,
-1.90,-0.13,-10.52,0.00,-1.00,0.00,
-1.88,-0.06,-10.51,0.00,-1.00,0.00,
-1.85,-0.21,-10.48,0.00,-1.00,0.00,
-1.91,-0.14,-10.55,0.00,-1.00,0.00,
-1.84,-0.18,-10.55,0.00,-1.00,0.00,
-1.91,-0.20,-10.68,0.00,-1.00,0.00,
-1.89,-0.17,-10.63,0.00,-1.00,0.00,
-1.92,-0.20,-10.60,0.00,-1.00,0.00,
-1.89,-0.17,-10.62,0.00,-1.00,0.00,
-1.86,-0.17,-10.56,0.00,-1.00,0.00,
-1.91,-0.22,-10.57,0.00,-1.00,0.00,
-1.87,-0.18,-10.55,0.00,-1.00,0.00,
-1.80,-0.10,-10.56,0.00,-1.00,0.00,
-1.91,-0.12,-10.54,0.00,-1.00,0.00,
-1.88,-0.15,-10.44,0.00,-1.00,0.00,
-1.89,-0.14,-10.52,0.00,-1.00,0.00,
-1.82,-0.14,-10.49,0.00,-1.00,0.00,
-1.89,-0.18,-10.53,0.00,-1.00,0.00,
-1.95,-0.13,-10.60,0.00,-1.00,0.00,
-1.85,-0.19,-10.51,0.00,-1.00,0.00,
-1.91,-0.20,-10.64,0.00,-1.00,0.00,
-1.92,-0.15,-10.57,0.00,-1.00,0.00,
-1.91,-0.19,-10.71,0.00,-1.00,0.00,
-1.86,-0.20,-10.64,0.00,-1.00,0.00,
-1.88,-0.17,-10.57,0.00,-1.00,0.00,
-1.89,-0.17,-10.63,0.00,-1.00,0.00,
-1.87,-0.20,-10.58,0.00,-1.00,0.00,
-1.87,-0.15,-10.55,0.00,-1.00,0.00,
-1.92,-0.13,-10.65,0.00,0.00,0.00,
-1.85,-0.13,-10.54,0.00,-1.00,0.00,
-1.89,-0.18,-10.56,0.00,-1.00,0.00,
-1.83,-0.11,-10.53,0.00,-1.00,0.00,
-1.82,-0.15,-10.55,0.00,-1.00,0.00,
-1.91,-0.12,-10.56,0.00,-1.00,0.00,
-1.91,-0.15,-10.58,0.00,-1.00,0.00,
-1.81,-0.18,-10.48,0.00,-1.00,0.00,
-1.84,-0.17,-10.51,0.00,-1.00,0.00,
-1.88,-0.23,-10.55,0.00,-1.00,0.00,
-1.89,-0.22,-10.57,0.00,-1.00,0.00,
-1.88,-0.15,-10.56,0.00,-1.00,0.00,
-1.94,-0.13,-10.58,0.00,-1.00,0.00,
-1.86,-0.20,-10.64,0.00,0.00,0.00,
-1.83,-0.19,-10.52,0.00,-1.00,0.00,
-1.87,-0.10,-10.61,0.00,-1.00,0.00,
-1.90,-0.11,-10.61,0.00,0.00,0.00,
-1.88,-0.14,-10.57,0.00,-1.00,0.00,
-1.89,-0.11,-10.57,0.00,-1.00,0.00,
-1.87,-0.14,-10.57,0.00,-1.00,0.00,
-1.83,-0.11,-10.47,0.00,-1.00,0.00,
-1.83,-0.16,-10.41,0.00,-1.00,0.00,
-1.84,-0.17,-10.43,0.00,-1.00,0.00,
-1.87,-0.19,-10.49,0.00,-1.00,0.00,
-1.88,-0.14,-10.63,0.00,-1.00,0.00,
-1.86,-0.22,-10.52,0.00,-1.00,0.00,
-1.88,-0.20,-10.59,0.00,-1.00,0.00,
-1.85,-0.19,-10.59,0.00,-1.00,0.00,
-1.83,-0.19,-10.60,0.00,-1.00,0.00,
-1.97,-0.17,-10.65,0.00,-1.00,0.00,
-1.87,-0.18,-10.57,0.00,-1.00,0.00,
-1.87,-0.18,-10.54,0.00,-1.00,0.00,
-1.84,-0.20,-10.53,0.00,-1.00,0.00,
-1.85,-0.19,-10.55,0.00,0.00,0.00,
-1.87,-0.13,-10.59,0.00,-1.00,0.00,
-1.83,-0.12,-10.58,0.00,-1.00,0.00,
-1.87,-0.16,-10.54,0.00,-1.00,0.00,
-1.87,-0.13,-10.41,0.00,-1.00,0.00,
-1.84,-0.13,-10.57,0.00,-1.00,0.00,
-1.91,-0.13,-10.50,0.00,-1.00,0.00,
-1.88,-0.16,-10.51,0.00,-1.00,0.00,
-1.88,-0.16,-10.47,0.00,-1.00,0.00,
-1.82,-0.18,-10.56,0.00,-1.00,0.00,
-1.85,-0.18,-10.61,0.00,-1.00,0.00,
-1.91,-0.20,-10.65,0.00,-1.00,0.00,
-1.86,-0.22,-10.56,0.00,-1.00,0.00,
-1.95,-0.15,-10.65,0.00,-1.00,0.00,
-1.89,-0.27,-10.65,0.00,-1.00,0.00,
-1.83,-0.14,-10.55,0.00,-1.00,0.00,
-1.86,-0.21,-10.66,0.00,-1.00,0.00,
-1.86,-0.16,-10.60,0.00,-1.00,0.00,
-1.83,-0.19,-10.61,0.00,-1.00,0.00,
-1.85,-0.18,-10.56,0.00,-1.00,0.00,
-1.84,-0.15,-10.46,0.00,-1.00,0.00,
-1.91,-0.13,-10.47,0.00,-1.00,0.00,
-1.77,-0.15,-10.44,0.00,-1.00,0.00,
-1.87,-0.11,-10.49,0.00,-1.00,0.00,
-1.86,-0.12,-10.50,0.00,-1.00,0.00,
-1.85,-0.14,-10.49,0.00,-1.00,0.00,
-1.88,-0.26,-10.49,0.00,-1.00,0.00,
-1.83,-0.16,-10.51,0.00,-1.00,0.00,
-1.87,-0.16,-10.65,0.00,-1.00,0.00,
-1.93,-0.15,-10.60,0.00,-1.00,0.00,
-1.90,-0.22,-10.62,0.00,-1.00,0.00,
-1.87,-0.17,-10.59,0.00,-1.00,0.00,
-1.94,-0.17,-10.56,0.00,-1.00,0.00,
-1.86,-0.19,-10.62,0.00,-1.00,0.00,
-1.88,-0.21,-10.60,0.00,0.00,0.00,
-1.81,-0.17,-10.61,0.00,-1.00,0.00,
-1.87,-0.16,-10.54,0.00,-1.00,0.00,
-1.84,-0.20,-10.50,0.00,-1.00,0.00,
-1.85,-0.16,-10.51,0.00,-1.00,0.00,
-1.83,-0.10,-10.52,0.00,-1.00,0.00,
-1.85,-0.16,-10.46,0.00,-1.00,0.00,
-1.92,-0.14,-10.44,0.00,-1.00,0.00,
-1.83,-0.15,-10.51,0.00,-1.00,0.00,
-1.82,-0.19,-10.55,0.00,-1.00,0.00,
-1.85,-0.17,-10.55,0.00,-1.00,0.00,
-1.89,-0.19,-10.60,0.00,-1.00,0.00,
-1.94,-0.14,-10.61,0.00,-1.00,0.00,
-1.90,-0.19,-10.60,0.00,-1.00,0.00,
-1.87,-0.18,-10.59,0.00,-1.00,0.00,
-1.86,-0.21,-10.53,0.00,-1.00,0.00,
-1.87,-0.19,-10.54,0.00,-1.00,0.00,
-1.86,-0.19,-10.58,0.00,-1.00,0.00,
-1.89,-0.21,-10.58,0.00,-1.00,0.00,
-1.90,-0.14,-10.50,0.00,-1.00,0.00,
-1.84,-0.12,-10.58,0.00,-1.00,0.00,
-1.89,-0.13,-10.49,0.00,-1.00,0.00,
-1.89,-0.10,-10.49,0.00,-1.00,0.00,
-1.88,-0.12,-10.51,0.00,-1.00,0.00,
-1.91,-0.15,-10.52,0.00,-1.00,0.00,
-1.91,-0.10,-10.45,0.00,-1.00,0.00,
-1.91,-0.20,-10.61,0.00,-1.00,0.00,
-1.91,-0.17,-10.48,0.00,-1.00,0.00,
-1.92,-0.19,-10.56,0.00,-1.00,0.00,
-1.87,-0.22,-10.54,0.00,-1.00,0.00,
-1.85,-0.18,-10.68,0.00,-1.00,0.00,
-1.86,-0.19,-10.52,0.00,-1.00,0.00,
-1.83,-0.19,-10.57,0.00,0.00,0.00,
-1.90,-0.18,-10.63,0.00,0.00,0.00,
-1.88,-0.21,-10.58,0.00,0.00,0.00,
-1.86,-0.17,-10.55,0.00,-1.00,0.00,
-1.83,-0.15,-10.58,0.00,-1.00,0.00,
-1.84,-0.15,-10.50,0.00,-1.00,0.00,
-1.90,-0.15,-10.56,0.00,-1.00,0.00,
-1.81,-0.16,-10.50,0.00,-1.00,0.00,
-1.79,-0.14,-10.48,0.00,-1.00,0.00,
-1.86,-0.13,-10.47,0.00,-1.00,0.00,
-1.84,-0.17,-10.55,0.00,-1.00,0.00,
-1.85,-0.20,-10.51,0.00,-1.00,0.00,
-1.90,-0.17,-10.57,0.00,-1.00,0.00,
-1.90,-0.23,-10.66,0.00,-1.00,0.00,
-1.90,-0.21,-10.64,0.00,-1.00,0.00,
-1.88,-0.22,-10.60,0.00,-1.00,0.00,
-1.90,-0.17,-10.71,0.00,-1.00,0.00,
-1.91,-0.19,-10.63,0.00,-1.00,0.00,
-1.87,-0.19,-10.67,0.00,-1.00,0.00,
-1.86,-0.15,-10.65,0.00,-1.00,0.00,
-1.86,-0.17,-10.58,0.00,0.00,0.00,
-1.88,-0.11,-10.51,0.00,0.00,0.00,
-1.85,-0.13,-10.44,0.00,-1.00,0.00,
-1.88,-0.16,-10.54,0.00,-1.00,0.00,
-1.85,-0.09,-10.50,0.00,-1.00,0.00,
-1.91,-0.14,-10.48,0.00,-1.00,0.00,
-1.83,-0.12,-10.47,0.00,-1.00,0.00,
-1.85,-0.15,-10.56,0.00,-1.00,0.00,
-1.88,-0.17,-10.47,0.00,-1.00,0.00,
-1.85,-0.18,-10.57,0.00,-1.00,0.00,
-1.90,-0.24,-10.72,0.00,-1.00,0.00,
-1.86,-0.22,-10.63,0.00,-1.00,0.00,
-1.88,-0.20,-10.72,0.00,-1.00,0.00,
-1.92,-0.19,-10.63,0.00,-1.00,0.00,
-1.87,-0.17,-10.61,0.00,-1.00,0.00,
-1.89,-0.19,-10.59,0.00,-1.00,0.00,
-1.89,-0.22,-10.56,0.00,-1.00,0.00,
-1.90,-0.15,-10.66,0.00,-1.00,0.00,
-1.82,-0.17,-10.52,0.00,-1.00,0.00,
-1.88,-0.13,-10.55,0.00,-1.00,0.00,
-1.90,-0.12,-10.53,0.00,-1.00,0.00,
-1.94,-0.15,-10.55,0.00,-1.00,0.00,
-1.81,-0.15,-10.55,0.00,-1.00,0.00,
-1.87,-0.13,-10.43,0.00,-1.00,0.00,
-1.84,-0.14,-10.49,0.00,-1.00,0.00,
-1.87,-0.18,-10.57,0.00,-1.00,0.00,
-1.89,-0.14,-10.48,0.00,-1.00,0.00,
-1.88,-0.18,-10.63,0.00,-1.00,0.00,
-1.90,-0.21,-10.63,0.00,-1.00,0.00,
-1.85,-0.16,-10.65,0.00,-1.00,0.00,
-1.87,-0.23,-10.61,0.00,-1.00,0.00,
-1.87,-0.20,-10.60,0.00,-1.00,0.00,
-1.84,-0.18,-10.66,0.00,0.00,0.00,
-1.87,-0.15,-10.62,0.00,-1.00,0.00,
-1.89,-0.12,-10.58,0.00,0.00,0.00,
-1.90,-0.13,-10.61,0.00,-1.00,0.00,
-1.86,-0.12,-10.52,0.00,-1.00,0.00,
-1.87,-0.11,-10.61,0.00,-1.00,0.00,
-1.86,-0.09,-10.50,0.00,-1.00,0.00,
-1.79,-0.12,-10.46,0.00,-1.00,0.00,
-1.82,-0.16,-10.48,0.00,-1.00,0.00,
-1.85,-0.11,-10.57,0.00,-1.00,0.00,
-1.94,-0.14,-10.51,0.00,-1.00,0.00,
-1.86,-0.14,-10.57,0.00,-1.00,0.00,
-1.90,-0.18,-10.57,0.00,-1.00,0.00,
-1.80,-0.17,-10.64,0.00,-1.00,0.00,
-1.92,-0.17,-10.58,0.00,-1.00,0.00,
-1.89,-0.14,-10.54,0.00,-1.00,0.00,
-1.89,-0.20,-10.59,0.00,-1.00,0.00,
-1.91,-0.19,-10.65,0.00,-1.00,0.00,
-1.89,-0.14,-10.59,0.00,-1.00,0.00,
-1.89,-0.11,-10.55,0.00,0.00,0.00,
-1.90,-0.17,-10.56,0.00,-1.00,0.00,
-1.87,-0.14,-10.64,0.00,-1.00,0.00,
-1.85,-0.09,-10.47,0.00,-1.00,0.00,
-1.82,-0.11,-10.56,0.00,-1.00,0.00,
-1.83,-0.11,-10.54,0.00,-1.00,0.00,
-1.90,-0.19,-10.51,0.00,-1.00,0.00,
-1.88,-0.11,-10.57,0.00,-1.00,0.00,
-1.91,-0.18,-10.53,0.00,-1.00,0.00,
-1.81,-0.13,-10.53,0.00,-1.00,0.00,
-1.90,-0.16,-10.53,0.00,-1.00,0.00,
-1.89,-0.13,-10.54,0.00,-1.00,0.00,
-1.84,-0.17,-10.58,0.00,-1.00,0.00,
-1.84,-0.19,-10.59,0.00,-1.00,0.00,
-1.87,-0.12,-10.63,0.00,-1.00,0.00,
-1.92,-0.17,-10.54,0.00,0.00,0.00,
-1.90,-0.22,-10.60,0.00,0.00,0.00,
-1.91,-0.18,-10.59,0.00,-1.00,0.00,
-1.85,-0.12,-10.56,0.00,-1.00,0.00,
-1.81,-0.15,-10.52,0.00,-1.00,0.00,
-1.87,-0.17,-10.54,0.00,-1.00,0.00,
-1.85,-0.12,-10.56,0.00,-1.00,0.00,
-1.83,-0.11,-10.54,0.00,-1.00,0.00,
-1.87,-0.13,-10.59,0.00,-1.00,0.00,
-1.85,-0.11,-10.61,0.00,-1.00,0.00,
-1.85,-0.12,-10.56,0.00,-1.00,0.00,
-1.91,-0.19,-10.58,0.00,-1.00,0.00,
-1.91,-0.16,-10.58,0.00,-1.00,0.00,
-1.89,-0.19,-10.63,0.00,-1.00,0.00,
-1.95,-0.20,-10.58,0.00,-1.00,0.00,
-1.82,-0.22,-10.62,0.00,-1.00,0.00,
-1.87,-0.24,-10.64,0.00,-1.00,0.00,
-1.81,-0.13,-10.59,0.00,-1.00,0.00,
-1.87,-0.21,-10.61,0.00,-1.00,0.00,
-1.83,-0.16,-10.64,0.00,0.00,0.00,
-1.90,-0.09,-10.55,0.00,-1.00,0.00,
-1.90,-0.18,-10.47,0.00,-1.00,0.00,
-1.88,-0.19,-10.58,0.00,-1.00,0.00,
-1.84,-0.11,-10.56,0.00,-1.00,0.00,
-1.83,-0.13,-10.50,0.00,-1.00,0.00,
-1.84,-0.16,-10.55,0.00,-1.00,0.00,
-1.87,-0.10,-10.61,0.00,-1.00,0.00,
-1.91,-0.20,-10.54,0.00,-1.00,0.00,
-1.84,-0.22,-10.54,0.00,-1.00,0.00,
-1.90,-0.17,-10.56,0.00,-1.00,0.00,
-1.90,-0.19,-10.52,0.00,-1.00,0.00,
-1.85,-0.19,-10.57,0.00,-1.00,0.00,
-1.93,-0.21,-10.70,0.00,-1.00,0.00,
-1.88,-0.18,-10.63,0.00,0.00,0.00,
-1.92,-0.16,-10.58,0.00,-1.00,0.00,
-1.90,-0.21,-10.59,0.00,-1.00,0.00,
-1.92,-0.17,-10.61,0.00,-1.00,0.00,
-1.82,-0.14,-10.49,0.00,-1.00,0.00,
-1.83,-0.14,-10.54,0.00,-1.00,0.00,
-1.88,-0.16,-10.55,0.00,-1.00,0.00,
-1.81,-0.17,-10.43,0.00,-1.00,0.00,
-1.83,-0.21,-10.57,0.00,-1.00,0.00,
-1.85,-0.19,-10.46,0.00,-1.00,0.00,
-1.87,-0.17,-10.41,0.00,-1.00,0.00,
-1.88,-0.14,-10.45,0.00,-1.00,0.00,
-1.87,-0.21,-10.55,0.00,-1.00,0.00,
-1.93,-0.19,-10.59,0.00,-1.00,0.00,
-1.95,-0.22,-10.62,0.00,-1.00,0.00,
-1.95,-0.17,-10.54,0.00,-1.00,0.00,
-1.86,-0.19,-10.60,0.00,-1.00,0.00,
-1.86,-0.19,-10.54,0.00,-1.00,0.00,
-1.84,-0.18,-10.65,0.00,-1.00,0.00,
-1.94,-0.23,-10.51,0.00,0.00,0.00,
-1.82,-0.15,-10.54,0.00,-1.00,0.00,
-1.88,-0.17,-10.60,0.00,-1.00,0.00,
-1.89,-0.15,-10.49,0.00,-1.00,0.00,
-1.85,-0.18,-10.49,0.00,-1.00,0.00,
-1.90,-0.10,-10.60,0.00,-1.00,0.00,
-1.88,-0.11,-10.52,0.00,-1.00,0.00,
-1.85,-0.22,-10.55,0.00,-1.00,0.00,
-1.86,-0.17,-10.53,0.00,-1.00,0.00,
-1.85,-0.10,-10.55,0.00,-1.00,0.00,
-1.91,-0.16,-10.50,0.00,-1.00,0.00,
-1.83,-0.22,-10.57,0.00,-1.00,0.00,
-1.86,-0.22,-10.63,0.00,-1.00,0.00,
-1.90,-0.22,-10.62,0.00,-1.00,0.00,
-1.79,-0.22,-10.58,0.00,-1.00,0.00,
-1.89,-0.20,-10.56,0.00,0.00,0.00,
-1.91,-0.22,-10.56,0.00,-1.00,0.00,
-1.96,-0.24,-10.57,0.00,-1.00,0.00,
-1.81,-0.14,-10.52,0.00,-1.00,0.00,
-1.87,-0.18,-10.47,0.00,-1.00,0.00,
-1.87,-0.13,-10.56,0.00,-1.00,0.00,
-1.92,-0.15,-10.57,0.00,-1.00,0.00,
-1.84,-0.12,-10.51,0.00,-1.00,0.00,
-1.77,-0.14,-10.59,0.00,-1.00,0.00,
-1.85,-0.14,-10.44,0.00,-1.00,0.00,
-1.83,-0.15,-10.54,0.00,-1.00,0.00,
-1.88,-0.17,-10.54,0.00,-1.00,0.00,
-1.93,-0.15,-10.55,0.00,-1.00,0.00,
-1.85,-0.17,-10.55,0.00,-1.00,0.00,
-1.85,-0.21,-10.62,0.00,-1.00,0.00,
-1.92,-0.19,-10.51,0.00,-1.00,0.00,
-1.87,-0.16,-10.55,0.00,-1.00,0.00,
-1.87,-0.17,-10.56,0.00,-1.00,0.00,
-1.90,-0.19,-10.58,0.00,0.00,0.00,
-1.93,-0.18,-10.60,0.00,-1.00,0.00,
-1.83,-0.11,-10.57,0.00,-1.00,0.00,
-1.88,-0.15,-10.52,0.00,-1.00,0.00,
-1.80,-0.14,-10.44,0.00,-1.00,0.00,
-1.84,-0.13,-10.49,0.00,-1.00,0.00,
-1.85,-0.15,-10.53,0.00,-1.00,0.00,
-1.90,-0.15,-10.58,0.00,-1.00,0.00,
-1.84,-0.10,-10.49,0.00,-1.00,0.00,
-1.87,-0.19,-10.57,0.00,-1.00,0.00,
-1.84,-0.14,-10.61,0.00,-1.00,0.00,
-1.90,-0.21,-10.62,0.00,-1.00,0.00,
-1.89,-0.16,-10.61,0.00,-1.00,0.00,
-1.87,-0.16,-10.60,0.00,-1.00,0.00,
-1.89,-0.22,-10.59,0.00,-1.00,0.00,
-1.90,-0.22,-10.60,0.00,-1.00,0.00,
-1.84,-0.21,-10.60,0.00,-1.00,0.00,
-1.85,-0.20,-10.49,0.00,-1.00,0.00,
-1.88,-0.20,-10.54,0.00,-1.00,0.00,
-1.91,-0.15,-10.54,0.00,-1.00,0.00,
-1.83,-0.10,-10.58,0.00,-1.00,0.00,
-1.84,-0.14,-10.44,0.00,-1.00,0.00,
-1.83,-0.16,-10.53,0.00,-1.00,0.00,
-1.82,-0.16,-10.45,0.00,-1.00,0.00,
-1.80,-0.10,-10.50,0.00,-1.00,0.00,
-1.84,-0.12,-10.47,0.00,-1.00,0.00,
-1.86,-0.16,-10.49,0.00,-1.00,0.00,
-1.92,-0.16,-10.55,0.00,-1.00,0.00,
-1.86,-0.17,-10.51,0.00,-1.00,0.00,
-1.86,-0.19,-10.66,0.00,-1.00,0.00,
-1.87,-0.20,-10.57,0.00,-1.00,0.00,
-1.96,-0.21,-10.63,0.00,-1.00,0.00,
-1.92,-0.18,-10.53,0.00,-1.00,0.00,
-1.86,-0.17,-10.61,0.00,-1.00,0.00,
-1.88,-0.19,-10.51,0.00,-1.00,0.00,
-1.90,-0.16,-10.59,0.00,-1.00,0.00,
-1.88,-0.16,-10.65,0.00,-1.00,0.00,
-1.86,-0.13,-10.51,0.00,-1.00,0.00,
-1.85,-0.13,-10.49,0.00,-1.00,0.00,
-1.85,-0.11,-10.55,0.00,-1.00,0.00,
-1.86,-0.08,-10.47,0.00,-1.00,0.00,
-1.82,-0.16,-10.42,0.00,-1.00,0.00,
-1.87,-0.16,-10.55,0.00,-1.00,0.00,
-1.91,-0.15,-10.53,0.00,-1.00,0.00,
-1.87,-0.21,-10.57,0.00,-1.00,0.00,
-1.88,-0.17,-10.55,0.00,-1.00,0.00,
-1.90,-0.19,-10.63,0.00,-1.00,0.00,
-1.83,-0.17,-10.64,0.00,-1.00,0.00,
-1.94,-0.15,-10.59,0.00,-1.00,0.00,
-1.89,-0.15,-10.62,0.00,-1.00,0.00,
-1.87,-0.18,-10.57,0.00,-1.00,0.00,
-1.87,-0.22,-10.54,0.00,0.00,0.00,
-1.83,-0.17,-10.61,0.00,0.00,0.00,
-1.92,-0.18,-10.57,0.00,-1.00,0.00,
-1.81,-0.13,-10.56,0.00,-1.00,0.00,
-1.79,-0.10,-10.46,0.00,-1.00,0.00,
-1.90,-0.21,-10.47,0.00,-1.00,0.00,
-1.84,-0.08,-10.47,0.00,-1.00,0.00,
-1.89,-0.10,-10.51,0.00,-1.00,0.00,
-1.80,-0.14,-10.42,0.00,-1.00,0.00,
-1.88,-0.16,-10.58,0.00,-1.00,0.00,
-1.85,-0.16,-10.56,0.00,-1.00,0.00,
-1.88,-0.20,-10.55,0.00,-1.00,0.00,
-1.86,-0.13,-10.55,0.00,-1.00,0.00,
-1.93,-0.18,-10.69,0.00,-1.00,0.00,
-1.92,-0.24,-10.64,0.00,-1.00,0.00,
-1.86,-0.18,-10.58,0.00,-1.00,0.00,
-1.88,-0.14,-10.49,0.00,0.00,0.00,
-1.87,-0.20,-10.59,0.00,-1.00,0.00,
-1.86,-0.17,-10.57,0.00,-1.00,0.00,
-1.87,-0.17,-10.63,0.00,0.00,0.00,
-1.93,-0.16,-10.53,0.00,-1.00,0.00,
-1.86,-0.15,-10.56,0.00,-1.00,0.00,
-1.84,-0.13,-10.58,0.00,-1.00,0.00,
-1.84,-0.11,-10.53,0.00,-1.00,0.00,
-1.83,-0.13,-10.50,0.00,-1.00,0.00,
-1.86,-0.11,-10.55,0.00,-1.00,0.00,
-1.87,-0.18,-10.50,0.00,-1.00,0.00,
-1.87,-0.19,-10.60,0.00,-1.00,0.00,
-1.91,-0.14,-10.52,0.00,-1.00,0.00,
-1.87,-0.21,-10.56,0.00,-1.00,0.00,
-1.92,-0.19,-10.62,0.00,-1.00,0.00,
-1.89,-0.24,-10.63,0.00,-1.00,0.00,
-1.84,-0.25,-10.65,0.00,-1.00,0.00,
-1.85,-0.16,-10.55,0.00,-1.00,0.00,
-1.89,-0.17,-10.63,0.00,-1.00,0.00,
-1.93,-0.19,-10.59,0.00,-1.00,0.00,
-1.82,-0.14,-10.45,0.00,-1.00,0.00,
-1.83,-0.17,-10.51,0.00,-1.00,0.00,
-1.88,-0.10,-10.58,0.00,-1.00,0.00,
-1.82,-0.12,-10.53,0.00,-1.00,0.00,
-1.86,-0.07,-10.51,0.00,-1.00,0.00,
-1.89,-0.09,-10.47,0.00,-1.00,0.00,
-1.81,-0.16,-10.52,0.00,-1.00,0.00,
-1.88,-0.15,-10.52,0.00,-1.00,0.00,
-1.87,-0.12,-10.55,0.00,-1.00,0.00,
-1.87,-0.19,-10.57,0.00,-1.00,0.00,
-1.86,-0.16,-10.56,0.00,-1.00,0.00,
-1.89,-0.19,-10.64,0.00,-1.00,0.00,
-1.89,-0.17,-10.64,0.00,-1.00,0.00,
-1.92,-0.22,-10.57,0.00,-1.00,0.00,
-1.91,-0.18,-10.60,0.00,-1.00,0.00,
-1.88,-0.12,-10.55,0.00,-1.00,0.00,
-1.86,-0.21,-10.71,0.00,-1.00,0.00,
-1.93,-0.15,-10.62,0.00,0.00,0.00,
-1.81,-0.14,-10.54,0.00,-1.00,0.00,
-1.82,-0.13,-10.56,0.00,-1.00,0.00,
-1.84,-0.12,-10.48,0.00,-1.00,0.00,
-1.84,-0.10,-10.52,0.00,-1.00,0.00,
-1.85,-0.15,-10.57,0.00,-1.00,0.00,
-1.87,-0.14,-10.48,0.00,-1.00,0.00,
-1.85,-0.19,-10.53,0.00,-1.00,0.00,
-1.85,-0.15,-10.53,0.00,-1.00,0.00,
-1.95,-0.13,-10.64,0.00,-1.00,0.00,
-1.93,-0.22,-10.55,0.00,-1.00,0.00,
-1.89,-0.16,-10.61,0.00,-1.00,0.00,
-1.89,-0.21,-10.59,0.00,-1.00,0.00,
-1.89,-0.15,-10.63,0.00,-1.00,0.00,
-1.85,-0.21,-10.57,0.00,-1.00,0.00,
-1.89,-0.24,-10.58,0.00,-1.00,0.00,
-1.88,-0.19,-10.56,0.00,-1.00,0.00,
-1.89,-0.12,-10.61,0.00,-1.00,0.00,
-1.80,-0.13,-10.60,0.00,-1.00,0.00,
-1.79,-0.09,-10.56,0.00,-1.00,0.00,
-1.83,-0.15,-10.44,0.00,-1.00,0.00,
-1.87,-0.08,-10.46,0.00,-1.00,0.00,
-1.85,-0.14,-10.47,0.00,-1.00,0.00,
-1.85,-0.17,-10.55,0.00,-1.00,0.00,
-1.89,-0.14,-10.47,0.00,-1.00,0.00,
-1.81,-0.11,-10.55,0.00,-1.00,0.00,
-1.89,-0.16,-10.53,0.00,-1.00,0.00,
-1.88,-0.16,-10.62,0.00,-1.00,0.00,
-1.84,-0.21,-10.65,0.00,-1.00,0.00,
-1.83,-0.23,-10.60,0.00,-1.00,0.00,
-1.94,-0.22,-10.65,0.00,-1.00,0.00,
-1.90,-0.22,-10.49,0.00,0.00,0.00,
-1.88,-0.21,-10.56,0.00,-1.00,0.00,
-1.96,-0.09,-10.52,0.00,0.00,0.00,
-1.87,-0.06,-10.56,0.00,0.00,0.00,
-1.85,-0.18,-10.54,0.00,-1.00,0.00,
