Arduino is Ready!
0.37,-0.46,-10.80,0.00,-1.00,0.00,
0.35,-0.47,-10.88,0.00,-1.00,0.00,
0.36,-0.41,-10.88,0.00,-1.00,0.00,
0.32,-0.44,-10.80,0.00,-1.00,0.00,
0.37,-0.46,-10.77,0.00,-1.00,0.00,
0.41,-0.48,-10.82,0.00,-1.00,0.00,
0.31,-0.50,-10.80,0.00,-1.00,0.00,
0.36,-0.48,-10.86,0.00,-1.00,0.00,
0.33,-0.45,-10.89,0.00,-1.00,0.00,
0.34,-0.45,-10.89,0.00,-1.00,0.00,
0.39,-0.43,-10.84,0.00,-1.00,0.00,
0.39,-0.42,-10.86,0.00,-1.00,0.00,
0.31,-0.46,-10.82,0.00,-1.00,0.00,
0.32,-0.46,-10.80,0.00,-1.00,0.00,
0.38,-0.46,-10.84,0.00,-1.00,0.00,
0.41,-0.51,-10.81,0.00,-1.00,0.00,
0.47,-0.46,-10.76,0.00,-1.00,0.00,
0.35,-0.45,-10.82,0.00,-1.00,0.00,
0.39,-0.46,-10.85,0.00,-1.00,0.00,
0.35,-0.46,-10.91,0.00,-1.00,0.00,
0.31,-0.46,-10.86,0.00,-1.00,0.00,
0.37,-0.45,-10.82,0.00,-1.00,0.00,
0.35,-0.48,-10.77,0.00,-1.00,0.00,
