Arduino is Ready!
0.06,-0.17,-10.43,-1.00,0.00,0.00,
-0.00,-0.12,-10.37,-1.00,0.00,0.00,
-0.03,-0.12,-10.52,-1.00,0.00,0.00,
-0.03,-0.13,-10.44,-1.00,0.00,0.00,
0.04,-0.21,-10.47,-1.00,0.00,0.00,
0.03,-0.13,-10.47,-1.00,0.00,0.00,
0.05,-0.19,-10.44,-1.00,0.00,0.00,
0.00,-0.11,-10.47,-1.00,0.00,0.00,
-0.01,-0.11,-10.43,-1.00,0.00,0.00,
0.03,-0.17,-10.34,-1.00,0.00,0.00,
-0.01,-0.16,-10.51,-1.00,0.00,0.00,
-0.02,-0.09,-10.37,-1.00,0.00,0.00,
Arduino is Ready!
-0.01,-0.22,-10.64,-1.00,0.00,0.00,
0.08,-0.16,-10.49,-1.00,0.00,0.00,
0.07,-0.13,-10.37,-1.00,0.00,0.00,
0.06,-0.24,-10.40,-1.00,0.00,0.00,
0.03,-0.23,-10.35,-1.00,0.00,0.00,
0.02,-0.21,-10.42,-1.00,0.00,0.00,
0.00,-0.17,-10.48,-1.00,0.00,0.00,
0.03,-0.21,-10.48,-1.00,0.00,0.00,
0.06,-0.18,-10.45,-1.00,0.00,0.00,
0.05,-0.18,-10.46,-1.00,0.00,0.00,
0.07,-0.17,-10.46,-1.00,0.00,0.00,
0.12,-0.15,-10.44,-1.00,0.00,0.00,
-0.00,-0.16,-10.46,-1.00,0.00,0.00,
0.05,-0.16,-10.47,-1.00,0.00,0.00,
0.07,-0.21,-10.40,-1.00,0.00,0.00,
0.03,-0.20,-10.44,-1.00,0.00,0.00,
0.05,-0.19,-10.37,-1.00,0.00,0.00,
0.08,-0.18,-10.41,-1.00,0.00,0.00,
0.06,-0.17,-10.43,-1.00,0.00,0.00,
0.10,-0.18,-10.38,-1.00,0.00,0.00,
-0.03,-0.21,-10.53,-1.00,0.00,0.00,
0.04,-0.16,-10.40,-1.00,0.00,0.00,
-0.01,-0.16,-10.36,-1.00,0.00,0.00,
0.02,-0.16,-10.35,-1.00,0.00,0.00,
0.03,-0.20,-10.53,-1.00,0.00,0.00,
0.07,-0.18,-10.44,-1.00,0.00,0.00,
-0.02,-0.19,-10.43,-1.00,0.00,0.00,
0.11,-0.14,-10.46,-1.00,0.00,0.00,
0.06,-0.15,-10.37,-1.00,0.00,0.00,
-0.02,-0.18,-10.41,-1.00,0.00,0.00,
0.04,-0.19,-10.31,-1.00,0.00,0.00,
0.04,-0.13,-10.47,-1.00,0.00,0.00,
0.01,-0.22,-10.42,-1.00,0.00,0.00,
0.06,-0.12,-10.42,-1.00,0.00,0.00,
0.12,-0.25,-10.33,-1.00,0.00,0.00,
0.03,-0.16,-10.42,-1.00,0.00,0.00,
0.06,-0.19,-10.41,-1.00,0.00,0.00,
0.08,-0.16,-10.38,-1.00,0.00,0.00,
0.09,-0.17,-10.50,-1.00,0.00,0.00,
0.07,-0.17,-10.45,-1.00,0.00,0.00,
0.06,-0.12,-10.47,-1.00,0.00,0.00,
0.04,-0.20,-10.40,-1.00,0.00,0.00,
0.07,-0.09,-10.42,-1.00,0.00,0.00,
0.07,-0.16,-10.34,-1.00,0.00,0.00,
0.05,-0.14,-10.40,-1.00,0.00,0.00,
0.01,-0.15,-10.40,-1.00,0.00,0.00,
0.07,-0.16,-10.43,-1.00,0.00,0.00,
-0.03,-0.18,-10.46,-1.00,0.00,0.00,
0.04,-0.23,-10.39,-1.00,0.00,0.00,
0.07,-0.23,-10.48,-1.00,0.00,0.00,
-0.00,-0.18,-10.38,-1.00,0.00,0.00,
0.01,-0.25,-10.45,-1.00,0.00,0.00,
0.06,-0.19,-10.41,-1.00,0.00,0.00,
0.05,-0.14,-10.35,-1.00,0.00,0.00,
0.08,-0.15,-10.40,-1.00,0.00,0.00,
0.04,-0.14,-10.40,-1.00,0.00,0.00,
0.00,-0.14,-10.41,-1.00,0.00,0.00,
0.11,-0.18,-10.44,-1.00,0.00,0.00,
0.08,-0.19,-10.41,-1.00,0.00,0.00,
0.05,-0.12,-10.45,-1.00,0.00,0.00,
-0.04,-0.18,-10.38,-1.00,0.00,0.00,
0.07,-0.17,-10.44,-1.00,0.00,0.00,
0.05,-0.19,-10.45,-1.00,0.00,0.00,
-0.01,-0.19,-10.43,-1.00,0.00,0.00,
0.06,-0.20,-10.38,-1.00,0.00,0.00,
0.00,-0.17,-10.48,-1.00,0.00,0.00,
-0.01,-0.15,-10.44,-1.00,0.00,0.00,
0.01,-0.15,-10.34,-1.00,0.00,0.00,
-0.00,-0.16,-10.42,-1.00,0.00,0.00,
0.10,-0.20,-10.44,-1.00,0.00,0.00,
0.06,-0.15,-10.43,-1.00,0.00,0.00,
0.01,-0.18,-10.49,-1.00,0.00,0.00,
0.03,-0.21,-10.44,-1.00,0.00,0.00,
0.05,-0.17,-10.37,-1.00,0.00,0.00,
0.03,-0.15,-10.43,-1.00,0.00,0.00,
0.10,-0.21,-10.46,-1.00,0.00,0.00,
0.05,-0.19,-10.45,-1.00,0.00,0.00,
0.04,-0.16,-10.38,-1.00,0.00,0.00,
0.00,-0.16,-10.47,-1.00,0.00,0.00,
-0.01,-0.15,-10.41,-1.00,0.00,0.00,
0.06,-0.13,-10.48,-1.00,0.00,0.00,
-0.01,-0.19,-10.43,-1.00,0.00,0.00,
0.02,-0.19,-10.40,-1.00,0.00,0.00,
0.03,-0.17,-10.44,-1.00,0.00,0.00,
0.05,-0.22,-10.48,-1.00,0.00,0.00,
0.04,-0.21,-10.40,-1.00,0.00,0.00,
0.03,-0.17,-10.41,-1.00,0.00,0.00,
0.04,-0.13,-10.46,-1.00,0.00,0.00,
0.01,-0.13,-10.45,-1.00,0.00,0.00,
0.02,-0.18,-10.44,-1.00,0.00,0.00,
0.03,-0.21,-10.31,-1.00,0.00,0.00,
0.04,-0.23,-10.38,-1.00,0.00,0.00,
0.05,-0.16,-10.48,-1.00,0.00,0.00,
0.09,-0.16,-10.43,-1.00,0.00,0.00,
0.01,-0.16,-10.47,-1.00,0.00,0.00,
0.01,-0.21,-10.47,-1.00,0.00,0.00,
-0.00,-0.17,-10.48,-1.00,0.00,0.00,
0.02,-0.18,-10.43,-1.00,0.00,0.00,
0.01,-0.16,-10.51,-1.00,0.00,0.00,
0.05,-0.16,-10.38,-1.00,0.00,0.00,
0.03,-0.19,-10.49,-1.00,0.00,0.00,
0.04,-0.20,-10.36,-1.00,0.00,0.00,
0.09,-0.20,-10.40,-1.00,0.00,0.00,
0.03,-0.24,-10.44,-1.00,0.00,0.00,
