9.48,-2.69,-4.32,0.00,-23.00,16.00,
9.41,-2.61,-3.71,-4.00,-23.00,17.00,
9.17,-2.31,-3.74,-1.00,-13.00,12.00,
9.07,-2.26,-3.71,4.00,-5.00,5.00,
9.07,-2.14,-3.88,7.00,6.00,-5.00,
9.00,-2.43,-4.11,3.00,18.00,-14.00,
9.14,-2.62,-4.37,-3.00,19.00,-16.00,
9.33,-2.88,-4.43,-6.00,13.00,-11.00,
9.20,-2.89,-4.31,-4.00,8.00,-7.00,
9.21,-3.13,-4.35,-1.00,0.00,-1.00,
9.21,-3.00,-4.22,-2.00,-8.00,8.00,
9.38,-2.79,-3.98,-4.00,-13.00,14.00,
9.34,-2.60,-3.76,-8.00,-10.00,16.00,
9.24,-2.30,-3.88,-7.00,-6.00,12.00,
9.13,-2.26,-3.71,-8.00,0.00,6.00,
9.09,-2.19,-4.04,-2.00,7.00,-2.00,
9.14,-2.35,-4.18,-4.00,10.00,-8.00,
9.18,-2.56,-4.25,-5.00,10.00,-9.00,
9.16,-2.73,-4.36,0.00,4.00,-7.00,
9.11,-2.86,-4.19,0.00,1.00,-2.00,
9.20,-2.53,-4.19,-3.00,-2.00,2.00,
9.12,-2.46,-4.05,-2.00,-3.00,1.00,
9.28,-2.62,-3.99,0.00,-4.00,3.00,
9.21,-2.54,-3.88,-1.00,-2.00,5.00,
9.18,-2.39,-3.88,-1.00,0.00,4.00,
9.29,-2.43,-4.04,-2.00,1.00,1.00,
9.19,-2.38,-4.02,0.00,2.00,0.00,
9.15,-2.42,-4.06,-5.00,4.00,-2.00,
9.17,-2.58,-3.95,-3.00,3.00,-3.00,
9.17,-2.69,-4.00,-2.00,1.00,-1.00,
9.13,-2.69,-3.96,-2.00,1.00,0.00,
9.13,-2.66,-3.98,-2.00,0.00,1.00,
9.16,-2.58,-3.99,-2.00,-1.00,2.00,
9.26,-2.51,-3.98,-2.00,-2.00,3.00,
9.13,-2.49,-3.98,-2.00,0.00,2.00,
9.20,-2.44,-3.80,-2.00,0.00,0.00,
9.20,-2.51,-3.88,-2.00,1.00,0.00,
9.18,-2.52,-3.92,-1.00,1.00,-1.00,
9.24,-2.53,-4.04,-1.00,2.00,-1.00,
9.23,-2.63,-3.92,0.00,0.00,0.00,
9.16,-2.61,-3.93,-1.00,0.00,0.00,
9.19,-2.61,-4.02,-1.00,0.00,0.00,
9.19,-2.49,-3.86,-1.00,0.00,1.00,
9.32,-2.50,-3.92,-1.00,0.00,0.00,
9.23,-2.51,-3.91,-1.00,0.00,0.00,
9.21,-2.55,-4.05,-1.00,1.00,0.00,
9.19,-2.53,-3.89,-2.00,1.00,0.00,
9.15,-2.58,-4.11,-2.00,0.00,0.00,
9.19,-2.51,-3.92,-1.00,0.00,0.00,
9.21,-2.52,-4.02,0.00,0.00,0.00,
9.13,-2.46,-3.89,-2.00,0.00,0.00,
9.20,-2.56,-3.93,-1.00,0.00,0.00,
9.15,-2.52,-3.93,0.00,0.00,0.00,
9.27,-2.86,-4.45,1.00,0.00,3.00,
9.50,-5.81,-7.31,68.00,-47.00,36.00,
8.13,-9.75,-6.89,42.00,-81.00,82.00,
4.51,-10.79,-5.93,-21.00,-71.00,121.00,
1.02,-6.86,-4.59,-8.00,-43.00,100.00,
-2.41,-2.66,-5.34,-4.00,-33.00,45.00,
-7.50,-7.29,-5.59,-15.00,31.00,50.00,
-3.73,-5.25,-9.13,17.00,97.00,68.00,
-4.14,-4.68,-9.36,20.00,117.00,33.00,
0.34,-5.41,-8.31,-40.00,58.00,21.00,
2.00,-2.21,-7.85,-83.00,-80.00,-12.00,
-4.17,-0.10,-4.66,-118.00,-121.00,-4.00,
-3.98,4.98,-6.74,29.00,-1.00,10.00,
-3.97,2.23,-11.50,95.00,101.00,28.00,
-0.32,0.85,-12.87,60.00,67.00,19.00,
-0.16,-2.47,-10.87,23.00,68.00,4.00,
3.67,-1.89,-9.91,-61.00,-34.00,-22.00,
-0.80,-0.66,-4.27,-71.00,-131.00,-43.00,
-5.99,3.48,-5.25,-60.00,-131.00,-12.00,
-7.35,4.96,-6.91,94.00,46.00,-3.00,
-3.92,1.16,-14.81,63.00,131.00,40.00,
1.14,-0.66,-14.66,53.00,101.00,-6.00,
3.97,-2.06,-11.96,-42.00,-11.00,-14.00,
2.50,-1.45,-6.27,-64.00,-80.00,-22.00,
-0.81,0.85,-3.80,-92.00,-119.00,-44.00,
-4.77,2.96,-8.75,-21.00,-30.00,-23.00,
-5.86,2.92,-8.65,103.00,55.00,16.00,
0.04,1.22,-15.95,55.00,120.00,39.00,
3.31,0.96,-13.46,39.00,71.00,0.00,
1.73,-2.57,-7.78,-22.00,-23.00,-26.00,
1.86,-0.08,-5.35,-68.00,-86.00,-36.00,
-2.09,2.23,-3.23,-83.00,-130.00,-57.00,
-5.43,5.83,-6.94,30.00,-48.00,-16.00,
-4.75,3.89,-10.34,101.00,63.00,24.00,
-2.67,3.59,-15.68,76.00,103.00,35.00,
-0.79,0.68,-12.81,-20.00,83.00,5.00,
1.09,-2.01,-8.93,-56.00,-9.00,-14.00,
1.03,2.33,-3.41,-127.00,-107.00,-63.00,
-4.34,2.82,-4.44,-44.00,-116.00,-47.00,
-7.26,3.94,-5.83,131.00,21.00,0.00,
-4.73,3.14,-15.69,99.00,93.00,32.00,
-2.33,-0.13,-12.30,62.00,105.00,10.00,
1.28,-2.99,-11.95,-15.00,69.00,-24.00,
3.22,-3.28,-8.44,-96.00,-55.00,-44.00,
-0.93,2.17,-1.43,-127.00,-131.00,-58.00,
-4.94,6.68,-2.32,-20.00,-70.00,-39.00,
-7.97,2.06,-5.48,131.00,31.00,-2.00,
-3.41,5.72,-16.39,131.00,104.00,56.00,
-1.60,0.72,-12.50,37.00,67.00,-17.00,
1.67,-2.92,-13.02,-53.00,15.00,-32.00,
-0.18,-0.17,-5.44,-131.00,-65.00,-26.00,
-2.23,3.64,-3.10,-56.00,-108.00,-46.00,
-6.31,3.94,-4.98,56.00,-2.00,-21.00,
-6.12,-1.05,-14.66,126.00,83.00,30.00,
-5.54,-0.14,-17.57,36.00,65.00,-16.00,
-2.31,-2.52,-11.32,1.00,64.00,-25.00,
-1.19,-2.00,-5.26,-124.00,-23.00,-21.00,
0.81,3.90,-5.76,-120.00,-123.00,-43.00,
-3.99,6.35,-3.44,-30.00,-59.00,-21.00,
-7.52,0.80,-6.60,131.00,30.00,-6.00,
-4.89,5.03,-16.93,62.00,107.00,19.00,
-1.44,-0.75,-13.17,55.00,75.00,-20.00,
-0.61,-3.10,-8.90,-14.00,-23.00,-6.00,
0.22,-2.08,-6.37,-95.00,-90.00,2.00,
-2.00,8.57,-6.55,-118.00,-61.00,-38.00,
-4.91,3.08,-3.52,63.00,-6.00,-18.00,
-6.16,-1.55,-14.68,131.00,70.00,23.00,
-0.65,0.60,-19.02,66.00,73.00,-2.00,
-1.71,-3.53,-12.21,4.00,48.00,-31.00,
-0.80,-4.76,-6.84,-46.00,-41.00,0.00,
0.77,0.71,-4.87,-72.00,-131.00,8.00,
-7.33,3.34,-4.37,-115.00,-79.00,18.00,
-7.40,4.42,-3.71,73.00,-1.00,-28.00,
-6.73,-1.46,-13.54,112.00,94.00,-9.00,
-3.65,-1.00,-14.54,33.00,129.00,-8.00,
-0.28,-2.66,-12.03,1.00,82.00,-15.00,
0.70,-3.13,-8.12,-46.00,0.00,-5.00,
0.73,-0.26,-5.29,-122.00,-101.00,-42.00,
-4.36,7.29,-3.95,-108.00,-131.00,-33.00,
-8.26,3.52,-4.15,7.00,-58.00,-40.00,
-10.82,4.77,-6.92,101.00,59.00,-5.00,
-6.60,3.25,-13.26,89.00,131.00,28.00,
-1.69,-0.96,-13.65,44.00,131.00,-3.00,
0.55,-2.63,-9.99,-6.00,23.00,-22.00,
4.24,-3.40,-9.41,-92.00,-63.00,-24.00,
-0.88,1.03,-2.49,-104.00,-131.00,-37.00,
-4.85,7.59,-5.65,-43.00,-39.00,-23.00,
-7.02,3.34,-7.78,122.00,43.00,3.00,
-3.05,1.37,-14.94,65.00,88.00,18.00,
-1.27,-0.01,-13.21,31.00,76.00,3.00,
1.02,-1.96,-12.09,-15.00,31.00,-5.00,
0.97,-0.21,-8.02,-54.00,-28.00,-7.00,
-0.17,0.50,-6.04,-106.00,-89.00,-23.00,
-3.55,7.28,-8.69,-31.00,-49.00,-31.00,
-5.44,4.02,-5.65,2.00,-21.00,-13.00,
-6.50,2.18,-9.06,32.00,32.00,15.00,
-4.43,5.64,-12.58,40.00,25.00,21.00,
-3.62,2.97,-10.21,48.00,44.00,-1.00,
-2.20,0.17,-10.56,22.00,40.00,-23.00,
-1.02,0.55,-7.95,-50.00,-12.00,-12.00,
-2.46,1.50,-4.83,-70.00,-111.00,-25.00,
-5.01,3.28,-6.67,-6.00,-64.00,-27.00,
-6.31,3.38,-4.77,43.00,13.00,0.00,
-6.25,1.77,-10.66,108.00,122.00,21.00,
-1.61,2.22,-15.97,70.00,99.00,10.00,
-0.90,-1.45,-11.34,16.00,6.00,-19.00,
-1.52,-2.19,-6.21,-130.00,-32.00,-36.00,
-1.29,1.49,-6.98,-92.00,-109.00,-33.00,
-6.04,1.60,-7.20,-58.00,-101.00,7.00,
-7.60,3.64,-2.67,21.00,5.00,-2.00,
-8.02,3.46,-10.88,74.00,62.00,-4.00,
-9.20,3.05,-12.82,81.00,51.00,10.00,
-5.97,-2.01,-9.40,-4.00,85.00,-8.00,
-2.43,-1.67,-6.12,-43.00,20.00,-14.00,
-2.09,0.60,-5.84,-54.00,-108.00,-28.00,
-5.74,2.17,-4.85,-39.00,-71.00,-6.00,
-6.58,3.99,-5.51,17.00,-3.00,7.00,
-7.88,6.60,-11.29,43.00,24.00,24.00,
-8.27,3.27,-10.02,59.00,71.00,-6.00,
-5.10,0.95,-7.76,67.00,122.00,-41.00,
1.07,-3.37,-10.35,-55.00,-17.00,-15.00,
-0.14,1.38,-4.80,-109.00,-129.00,-34.00,
-5.83,3.38,-4.57,-59.00,-86.00,-13.00,
-6.97,3.06,-4.00,60.00,13.00,-15.00,
-8.16,0.98,-14.12,57.00,130.00,39.00,
-2.25,3.06,-16.04,66.00,96.00,22.00,
-3.69,-2.58,-8.98,18.00,35.00,-7.00,
1.16,-2.05,-10.74,-46.00,-65.00,-18.00,
-2.55,0.89,-5.07,-128.00,-120.00,-28.00,
-6.06,2.62,-3.16,-24.00,-71.00,-27.00,
-7.08,4.00,-4.51,40.00,3.00,-11.00,
-7.63,2.12,-10.97,73.00,76.00,32.00,
-4.94,2.35,-13.17,73.00,93.00,13.00,
-1.88,0.44,-12.51,20.00,53.00,-11.00,
-2.14,-2.48,-7.73,-19.00,18.00,-14.00,
0.92,-0.69,-6.58,-116.00,-53.00,-24.00,
-2.18,2.08,-5.57,-65.00,-87.00,-23.00,
-5.34,3.09,-6.06,79.00,0.00,-17.00,
-3.91,3.88,-15.63,68.00,60.00,31.00,
-2.39,1.49,-13.41,57.00,61.00,12.00,
-0.23,-1.15,-11.92,-1.00,54.00,-22.00,
0.08,-2.79,-8.71,-90.00,-55.00,-28.00,
-1.75,4.36,-7.53,-60.00,-117.00,-40.00,
-6.90,3.40,-3.70,-15.00,-58.00,-24.00,
-7.18,4.31,-5.10,79.00,34.00,-6.00,
-5.70,2.22,-15.47,62.00,91.00,32.00,
-0.76,0.79,-14.61,51.00,76.00,5.00,
-2.19,-3.56,-8.91,18.00,46.00,1.00,
0.91,-3.27,-9.47,-71.00,-46.00,-2.00,
-1.82,0.28,-5.21,-62.00,-123.00,-11.00,
-4.09,5.47,-5.28,-93.00,-88.00,-27.00,
-6.23,4.10,-3.50,72.00,-1.00,-19.00,
-6.43,-0.64,-13.05,82.00,68.00,19.00,
-2.24,1.53,-14.60,91.00,107.00,3.00,
-2.42,-3.42,-12.65,52.00,68.00,-3.00,
-0.23,-5.66,-8.85,-75.00,-40.00,-12.00,
-1.50,-0.51,-4.60,-115.00,-127.00,-38.00,
-6.25,1.94,-7.33,-22.00,-118.00,-5.00,
-8.90,3.33,-5.73,51.00,3.00,-8.00,
-6.91,1.86,-9.37,110.00,88.00,-17.00,
-4.98,-0.57,-13.13,52.00,77.00,0.00,
-0.18,-4.28,-15.17,-39.00,104.00,-18.00,
-1.09,-2.26,-7.90,-61.00,-15.00,-31.00,
-0.28,1.92,-4.88,-93.00,-113.00,-33.00,
-3.99,1.92,-5.50,-60.00,-101.00,25.00,
-6.50,6.42,-5.63,41.00,-5.00,-11.00,
-6.15,2.44,-14.27,54.00,68.00,1.00,
-0.79,-0.29,-12.54,131.00,131.00,-7.00,
-0.05,-4.01,-13.17,55.00,20.00,-17.00,
1.84,-0.78,-9.68,-69.00,-19.00,-9.00,
1.03,2.50,-5.10,-103.00,-113.00,-8.00,
-4.40,3.14,-1.82,-59.00,-131.00,-30.00,
-8.21,4.85,-5.54,67.00,17.00,-63.00,
-7.75,1.65,-14.09,30.00,75.00,15.00,
-4.27,1.76,-12.55,58.00,114.00,17.00,
-0.77,-1.28,-12.90,31.00,88.00,-16.00,
-1.60,-2.85,-7.41,-16.00,-18.00,-19.00,
-0.12,-2.83,-7.42,-118.00,-63.00,-23.00,
-4.26,3.38,-5.50,-107.00,-57.00,-16.00,
-5.32,3.75,-4.70,25.00,6.00,-4.00,
-5.49,2.91,-13.42,100.00,60.00,60.00,
-2.77,2.76,-13.88,53.00,56.00,3.00,
-1.86,0.20,-10.61,-1.00,54.00,-13.00,
0.42,-1.28,-10.02,-37.00,32.00,-10.00,
1.76,1.60,-8.90,-100.00,-43.00,-31.00,
-2.31,3.59,-6.73,-72.00,-107.00,-43.00,
-3.79,6.90,-5.79,-30.00,-58.00,-50.00,
-6.17,2.49,-5.09,40.00,0.00,-1.00,
-5.91,3.43,-9.57,118.00,73.00,27.00,
-2.47,2.89,-14.94,46.00,105.00,30.00,
-0.61,-0.56,-11.00,19.00,61.00,1.00,
1.36,-1.01,-10.28,-33.00,-1.00,-14.00,
0.58,0.39,-7.76,-98.00,-98.00,-40.00,
-2.94,4.69,-4.45,-76.00,-120.00,-56.00,
-7.44,3.42,-2.77,28.00,-38.00,-41.00,
-8.55,1.97,-6.77,83.00,46.00,10.00,
-6.34,2.09,-13.22,89.00,101.00,31.00,
-0.29,0.96,-11.84,36.00,131.00,51.00,
3.87,0.00,-13.27,-20.00,50.00,0.00,
1.89,-1.28,-8.35,-26.00,-36.00,-17.00,
0.08,0.09,-6.11,-89.00,-131.00,-45.00,
-4.92,4.32,-4.29,-62.00,-76.00,-38.00,
-7.43,4.32,-7.26,41.00,-1.00,-20.00,
-6.66,3.48,-12.24,70.00,95.00,37.00,
-0.52,-0.52,-13.20,78.00,119.00,42.00,
3.93,-1.18,-14.54,6.00,70.00,4.00,
0.12,-4.24,-6.55,-59.00,-2.00,-53.00,
3.30,-0.09,-6.08,-87.00,-96.00,-50.00,
-3.29,2.44,-2.91,-67.00,-131.00,-64.00,
-8.74,0.45,-4.43,38.00,-86.00,-48.00,
-9.00,4.95,-6.23,82.00,40.00,0.00,
-6.70,-0.16,-13.45,76.00,103.00,37.00,
-4.27,-0.18,-14.18,67.00,117.00,0.00,
-2.01,-3.03,-13.61,-6.00,23.00,-38.00,
-0.18,-4.12,-9.03,-41.00,-34.00,-5.00,
-0.02,1.08,-5.13,-131.00,-85.00,-23.00,
-4.55,5.11,-3.61,21.00,-61.00,-15.00,
-7.34,3.99,-6.87,33.00,-4.00,-20.00,
-6.43,2.71,-10.29,85.00,30.00,13.00,
-3.94,-0.63,-12.95,68.00,59.00,14.00,
-3.34,-3.02,-12.72,26.00,72.00,-17.00,
-1.30,-3.12,-10.14,-25.00,10.00,-35.00,
-0.25,-3.74,-9.18,-98.00,-47.00,-27.00,
0.30,4.74,-5.77,-42.00,-91.00,-36.00,
-4.71,4.61,-4.27,9.00,-73.00,-24.00,
-5.88,7.54,-5.71,16.00,-26.00,-28.00,
-7.02,-1.07,-6.60,98.00,42.00,6.00,
-5.17,-0.97,-16.09,42.00,84.00,11.00,
-2.81,-1.03,-12.11,37.00,115.00,7.00,
0.48,-1.66,-10.50,-12.00,57.00,-29.00,
2.55,-1.09,-9.66,-103.00,-21.00,-42.00,
1.96,5.17,-6.94,-75.00,-105.00,-60.00,
-3.15,3.01,-3.28,-27.00,-131.00,-39.00,
-7.34,2.91,-0.84,-75.00,-64.00,-43.00,
-9.30,4.27,-5.32,67.00,37.00,-20.00,
-9.51,9.30,-14.17,98.00,70.00,54.00,
-6.74,3.44,-13.51,91.00,122.00,30.00,
-4.10,-1.03,-10.53,2.00,95.00,-13.00,
3.94,-3.15,-8.42,4.00,69.00,-32.00,
3.15,0.10,-3.87,-107.00,-129.00,-35.00,
-4.09,0.44,-5.59,-80.00,-131.00,-36.00,
-7.81,2.36,-3.40,-3.00,-39.00,-32.00,
-8.25,5.14,-8.53,96.00,77.00,18.00,
-2.85,5.04,-16.81,94.00,87.00,57.00,
-1.96,0.74,-12.74,8.00,63.00,-21.00,
-3.43,-2.98,-4.60,-31.00,2.00,-25.00,
0.74,-2.53,-7.47,-32.00,-106.00,3.00,
-4.86,0.71,-3.52,-131.00,-62.00,26.00,
-5.25,5.72,-6.45,-2.00,-17.00,-17.00,
-6.20,3.37,-7.94,72.00,50.00,12.00,
-3.15,3.07,-12.54,61.00,85.00,46.00,
-1.11,2.04,-14.66,7.00,24.00,-8.00,
-1.99,0.22,-7.63,-15.00,10.00,-18.00,
0.24,-0.79,-8.62,-59.00,-52.00,-5.00,
-1.96,7.35,-3.11,-108.00,-108.00,-40.00,
-4.53,3.10,-4.11,43.00,-105.00,-25.00,
-11.24,1.58,-3.45,33.00,-33.00,-28.00,
-9.13,3.28,-10.22,68.00,113.00,17.00,
-5.30,-0.15,-12.51,57.00,111.00,-5.00,
-3.21,-2.57,-12.28,-11.00,62.00,-21.00,
-0.93,-1.47,-4.03,-131.00,-18.00,-28.00,
-0.04,2.93,-2.27,-57.00,-131.00,-15.00,
-7.48,4.02,-2.36,-33.00,-131.00,-47.00,
-8.87,3.20,-0.47,51.00,-18.00,-31.00,
-8.81,3.26,-5.04,61.00,36.00,11.00,
-10.30,5.80,-12.40,55.00,64.00,11.00,
-7.83,3.16,-8.92,59.00,82.00,-36.00,
-4.05,-4.49,-11.18,-2.00,66.00,-14.00,
0.41,-0.28,-6.43,-108.00,-12.00,4.00,
-1.61,1.89,-3.07,-93.00,-112.00,-22.00,
-6.10,3.70,-3.85,-59.00,-26.00,-23.00,
-6.70,3.41,-6.01,115.00,45.00,-17.00,
-3.49,5.71,-16.52,52.00,97.00,21.00,
-3.87,0.17,-12.38,49.00,31.00,-30.00,
-1.67,-3.27,-10.25,-12.00,63.00,-19.00,
0.35,-2.33,-7.65,-33.00,-44.00,-2.00,
-1.65,-2.77,-6.93,-83.00,-114.00,8.00,
-4.36,6.70,-5.23,-80.00,-95.00,-30.00,
-7.16,3.39,-3.60,37.00,8.00,-27.00,
-8.62,0.07,-10.69,91.00,109.00,32.00,
0.28,-0.39,-16.13,51.00,92.00,-16.00,
-2.62,-3.34,-9.91,16.00,19.00,-19.00,
0.54,-2.96,-8.99,-23.00,-6.00,-10.00,
-0.70,-3.08,-7.03,-54.00,-89.00,-14.00,
-2.08,6.81,-5.45,-107.00,-49.00,-14.00,
-5.62,4.23,-5.62,7.00,-27.00,-12.00,
-6.13,5.41,-9.07,102.00,62.00,23.00,
-0.71,0.06,-11.72,88.00,112.00,3.00,
-2.29,-1.36,-10.47,50.00,3.00,-20.00,
-1.94,-2.45,-8.02,-28.00,-44.00,-7.00,
-1.21,-2.63,-7.36,-129.00,-44.00,-8.00,
-3.41,4.67,-4.89,-107.00,-78.00,-17.00,
-5.28,4.70,-5.15,-20.00,-26.00,-19.00,
-7.76,3.37,-7.54,96.00,43.00,0.00,
-5.90,3.88,-14.00,89.00,91.00,24.00,
-2.08,-2.25,-12.61,53.00,51.00,-17.00,
-2.49,-5.84,-8.66,-3.00,27.00,-1.00,
-1.54,-2.53,-9.72,-39.00,-41.00,12.00,
-3.10,-1.60,-6.86,-78.00,-90.00,18.00,
-6.43,3.90,-5.52,-77.00,-67.00,20.00,
-7.01,2.72,-4.03,59.00,33.00,-18.00,
-5.30,1.47,-14.21,49.00,94.00,15.00,
-2.76,0.99,-13.78,40.00,63.00,2.00,
-2.11,-1.34,-12.72,54.00,-8.00,-8.00,
-3.37,-4.74,-6.52,-45.00,-43.00,-3.00,
-1.06,0.63,-7.41,-124.00,-131.00,0.00,
-6.02,2.37,-5.03,-30.00,-34.00,21.00,
-7.52,3.64,-5.68,68.00,61.00,-3.00,
-2.21,4.87,-12.72,21.00,129.00,36.00,
-1.33,1.37,-12.57,40.00,43.00,6.00,
-0.43,0.20,-11.12,26.00,30.00,-7.00,
-2.03,-3.52,-6.52,12.00,-66.00,8.00,
-1.34,-1.09,-6.57,-105.00,-108.00,9.00,
-6.81,1.68,-4.51,-16.00,-131.00,-40.00,
-8.87,2.68,-3.24,41.00,26.00,-15.00,
-7.15,0.35,-9.45,121.00,131.00,8.00,
-2.37,-0.54,-16.67,67.00,57.00,-11.00,
-1.46,-2.16,-10.33,-7.00,78.00,-26.00,
1.24,-3.79,-8.60,-52.00,-26.00,-9.00,
0.72,-0.19,-5.52,-103.00,-129.00,-41.00,
-3.80,4.30,-6.76,-65.00,-131.00,-42.00,
-7.79,1.45,-3.33,6.00,0.00,-20.00,
-8.95,2.65,-11.13,100.00,131.00,15.00,
-4.83,2.69,-13.00,88.00,71.00,-7.00,
-0.92,-4.81,-11.77,-5.00,68.00,-17.00,
1.76,-2.58,-7.89,-41.00,-37.00,-4.00,
-0.13,-1.24,-6.46,-94.00,-119.00,-7.00,
-5.90,5.87,-2.85,-44.00,-116.00,10.00,
-6.63,1.88,-3.91,12.00,-2.00,-15.00,
-7.21,2.19,-11.66,90.00,111.00,14.00,
-1.48,0.86,-15.20,65.00,86.00,-12.00,
-2.08,-2.23,-11.61,15.00,33.00,-30.00,
-1.28,-3.92,-8.20,-40.00,-24.00,-1.00,
-1.58,-0.96,-6.62,-66.00,-123.00,-20.00,
-5.70,2.10,-4.54,-50.00,-116.00,-8.00,
-7.15,3.74,-3.12,31.00,-6.00,-17.00,
-7.10,1.71,-11.69,102.00,103.00,16.00,
-1.89,0.60,-16.49,59.00,72.00,2.00,
-1.40,-5.31,-14.76,12.00,83.00,-21.00,
-2.42,-3.25,-4.17,-60.00,2.00,-15.00,
1.49,0.58,-4.75,-131.00,-84.00,-53.00,
-3.90,3.00,-2.43,-2.00,-131.00,-45.00,
-7.15,6.72,-4.13,9.00,-5.00,-26.00,
-7.16,1.50,-6.80,127.00,82.00,29.00,
-2.67,3.07,-16.88,102.00,105.00,43.00,
-1.60,-0.70,-12.44,39.00,57.00,-7.00,
-0.49,-0.89,-11.80,-15.00,-1.00,-16.00,
0.08,-3.85,-8.92,-89.00,-38.00,-26.00,
-1.57,5.87,-3.56,-131.00,-131.00,-69.00,
-6.25,1.65,-3.84,40.00,-56.00,-40.00,
-8.16,5.34,-4.98,108.00,26.00,3.00,
-4.86,3.14,-13.56,111.00,68.00,43.00,
-3.53,-0.10,-13.27,60.00,128.00,-8.00,
0.75,-4.87,-14.33,12.00,43.00,-19.00,
1.49,-2.25,-6.78,-100.00,-79.00,-15.00,
-2.20,4.10,-3.46,-93.00,-131.00,-36.00,
-5.84,4.91,-3.08,-12.00,-30.00,-9.00,
-6.28,3.74,-6.27,100.00,77.00,1.00,
-3.81,3.12,-14.34,87.00,93.00,17.00,
-0.83,-1.47,-16.51,28.00,73.00,-5.00,
-3.17,-3.22,-7.86,-32.00,2.00,-13.00,
0.05,-1.48,-7.07,-75.00,-114.00,-18.00,
-5.07,1.93,-4.28,-129.00,-107.00,4.00,
-7.41,6.99,-3.14,9.00,-4.00,-21.00,
-8.67,3.07,-8.77,121.00,98.00,15.00,
-5.10,2.44,-13.31,89.00,5.00,-14.00,
-5.02,-1.77,-11.86,16.00,77.00,-17.00,
-3.02,-2.90,-8.10,-44.00,25.00,-16.00,
1.74,-1.44,-8.15,-58.00,-40.00,-4.00,
-2.21,1.76,-3.54,-95.00,-108.00,-4.00,
-6.08,4.75,-4.77,-24.00,-4.00,-14.00,
-5.52,2.35,-13.45,109.00,110.00,27.00,
-1.65,2.29,-14.95,77.00,42.00,5.00,
-0.35,-1.63,-13.24,62.00,45.00,-16.00,
-1.53,-7.87,-6.20,-4.00,-20.00,27.00,
-0.20,1.58,-3.26,-131.00,-109.00,-16.00,
-3.59,5.39,-5.04,-107.00,-109.00,-14.00,
-6.68,4.18,-4.25,64.00,4.00,-21.00,
-6.93,0.59,-10.57,131.00,118.00,2.00,
-0.12,-0.75,-16.50,62.00,94.00,5.00,
0.17,-4.75,-13.49,26.00,104.00,-22.00,
2.07,-4.02,-8.51,-64.00,-44.00,-12.00,
-0.28,-0.60,-1.75,-68.00,-131.00,-49.00,
-4.63,1.25,-4.63,-31.00,-57.00,-3.00,
-5.73,3.98,-5.04,24.00,-6.00,-21.00,
-7.10,3.77,-9.79,29.00,74.00,20.00,
-3.11,3.19,-14.30,44.00,72.00,38.00,
-0.46,0.17,-12.73,59.00,77.00,4.00,
-2.57,-3.43,-7.18,-14.00,-14.00,-30.00,
-1.56,0.65,-6.09,-72.00,-62.00,-13.00,
-2.01,6.54,-4.46,-54.00,-77.00,-13.00,
-6.46,4.92,-6.76,19.00,-21.00,-16.00,
-6.62,2.41,-6.92,56.00,47.00,1.00,
-3.59,2.69,-12.85,85.00,121.00,48.00,
-0.59,0.18,-12.94,59.00,105.00,10.00,
1.44,-0.77,-9.25,2.00,15.00,-33.00,
3.83,-1.67,-8.89,-54.00,-56.00,-8.00,
0.11,4.05,-3.88,-131.00,-113.00,-51.00,
-4.93,1.72,-4.34,9.00,-109.00,-60.00,
-7.37,6.24,-5.94,73.00,5.00,-25.00,
-6.41,1.87,-12.83,131.00,128.00,26.00,
0.70,-0.86,-15.04,75.00,109.00,-2.00,
0.89,-3.80,-13.66,-11.00,20.00,-32.00,
1.38,-6.31,-8.12,-73.00,-30.00,-7.00,
0.68,0.57,-4.06,-131.00,-129.00,-47.00,
-3.59,3.56,-4.90,-30.00,-109.00,-38.00,
-5.93,1.54,-5.81,38.00,4.00,-42.00,
-6.45,3.62,-9.59,116.00,81.00,16.00,
-2.63,0.32,-16.54,63.00,115.00,33.00,
-1.63,-3.62,-13.49,6.00,71.00,-9.00,
2.18,-3.98,-11.34,-45.00,45.00,-25.00,
1.64,1.05,-5.30,-122.00,-92.00,-62.00,
-3.34,3.53,-4.16,-41.00,-114.00,-42.00,
-5.49,5.45,-3.74,70.00,-61.00,-53.00,
-7.71,1.78,-6.45,82.00,15.00,9.00,
-6.39,1.41,-14.34,51.00,128.00,45.00,
-0.75,0.24,-14.92,-14.00,125.00,25.00,
-0.35,-0.72,-10.14,-40.00,-12.00,-26.00,
3.22,-2.20,-7.89,-69.00,-70.00,-33.00,
-2.16,3.22,-1.16,-52.00,-131.00,-68.00,
-7.99,2.92,-2.03,-7.00,-77.00,-56.00,
-7.82,3.36,-8.30,78.00,38.00,1.00,
-5.22,5.93,-13.69,91.00,131.00,63.00,
-0.09,-0.23,-14.38,64.00,108.00,19.00,
-1.63,-2.62,-9.60,-30.00,18.00,-11.00,
2.83,-2.52,-7.83,-75.00,-91.00,-26.00,
-3.77,0.25,-2.62,-108.00,-131.00,-28.00,
-7.20,5.29,-3.85,-72.00,-27.00,-31.00,
-6.87,2.98,-11.27,96.00,42.00,17.00,
-2.16,5.36,-14.39,90.00,97.00,40.00,
-0.24,-1.49,-10.01,63.00,92.00,18.00,
-0.16,-3.14,-12.95,-4.00,-50.00,-29.00,
-0.41,-0.57,-5.86,-52.00,-86.00,-3.00,
-3.07,1.19,-4.06,-121.00,-106.00,-33.00,
-5.60,2.57,-4.16,18.00,3.00,-23.00,
-5.15,2.61,-15.32,61.00,80.00,22.00,
-2.59,1.20,-13.71,8.00,94.00,11.00,
1.86,-3.41,-13.97,32.00,127.00,28.00,
0.09,-3.37,-9.19,5.00,-53.00,-23.00,
2.69,-0.18,-8.34,-62.00,-93.00,-15.00,
-2.95,-0.86,-3.14,-111.00,-131.00,-32.00,
-7.98,0.80,-3.80,-24.00,-7.00,-29.00,
-4.34,0.24,-13.70,131.00,115.00,40.00,
-0.11,0.71,-16.91,53.00,111.00,41.00,
0.88,-2.23,-12.76,38.00,48.00,-10.00,
-0.55,-4.09,-7.45,-58.00,-38.00,-12.00,
-0.10,-1.24,-5.70,-70.00,-128.00,-10.00,
-6.17,1.84,-3.91,-76.00,-75.00,-1.00,
-6.55,1.79,-8.12,84.00,40.00,8.00,
-1.75,7.65,-17.71,87.00,109.00,34.00,
-0.32,-0.12,-12.65,61.00,82.00,7.00,
1.66,-3.01,-9.77,-27.00,0.00,-4.00,
3.55,-2.94,-8.55,-96.00,-95.00,-32.00,
-2.41,3.29,-1.87,-112.00,-131.00,-52.00,
-6.37,5.00,-4.00,35.00,-51.00,-37.00,
-6.64,2.64,-7.72,115.00,92.00,22.00,
-2.17,2.25,-15.94,83.00,67.00,31.00,
-3.57,-0.40,-12.93,15.00,31.00,-10.00,
-2.52,-1.14,-8.35,-22.00,37.00,-13.00,
-0.28,-2.56,-8.34,-106.00,-75.00,-25.00,
-4.55,5.98,-3.66,-95.00,-110.00,-53.00,
-6.96,3.35,-2.87,36.00,-9.00,-26.00,
-6.40,0.73,-8.87,108.00,92.00,36.00,
-1.90,3.36,-16.29,59.00,67.00,34.00,
-5.63,-0.88,-13.92,5.00,16.00,-21.00,
-2.27,-5.93,-5.78,18.00,88.00,12.00,
0.88,3.25,-6.02,-131.00,-95.00,-69.00,
-4.27,3.49,-3.96,7.00,-106.00,-54.00,
-7.60,2.58,-2.62,25.00,0.00,-15.00,
-5.88,1.58,-11.81,96.00,109.00,52.00,
0.15,1.18,-15.50,79.00,114.00,56.00,
-0.96,0.49,-13.67,7.00,21.00,0.00,
-1.60,-3.37,-9.07,-10.00,15.00,-4.00,
1.44,-4.25,-8.53,-101.00,-97.00,-26.00,
-3.38,1.91,-3.12,-113.00,-96.00,-60.00,
-6.92,2.43,-5.35,32.00,19.00,-38.00,
-6.48,5.08,-10.92,85.00,83.00,45.00,
-2.28,4.43,-13.11,13.00,111.00,61.00,
0.84,1.39,-13.49,29.00,85.00,24.00,
-0.45,-0.03,-8.96,3.00,2.00,-5.00,
2.19,-3.23,-8.81,-47.00,-110.00,-13.00,
-2.41,1.44,-4.42,-131.00,-125.00,-10.00,
-6.74,6.48,-2.95,-10.00,-43.00,-32.00,
-7.80,5.47,-7.09,131.00,79.00,0.00,
-1.82,3.74,-15.66,64.00,92.00,44.00,
-0.14,0.14,-13.81,22.00,34.00,-3.00,
-3.49,-2.81,-7.06,-8.00,15.00,-7.00,
2.04,-3.59,-10.19,-90.00,-69.00,-19.00,
-2.22,4.64,-1.72,-109.00,-112.00,-48.00,
-5.57,4.57,-5.35,-1.00,-9.00,0.00,
-4.98,6.90,-13.71,131.00,111.00,42.00,
0.67,1.16,-14.97,53.00,71.00,9.00,
-1.07,-2.38,-10.34,42.00,-13.00,-25.00,
2.58,-3.52,-12.29,-69.00,-2.00,-17.00,
0.20,3.11,-5.53,-131.00,-70.00,-49.00,
-2.76,4.73,-3.22,-68.00,-103.00,-23.00,
-6.42,8.82,-6.22,61.00,26.00,1.00,
-0.62,4.69,-15.26,85.00,131.00,97.00,
2.59,0.41,-13.54,44.00,26.00,-6.00,
-1.09,-1.36,-6.78,-4.00,-26.00,-4.00,
-0.63,-1.94,-7.81,-104.00,-131.00,-39.00,
-3.51,5.84,-4.95,-33.00,-68.00,-22.00,
-6.88,3.20,-8.85,109.00,65.00,-13.00,
-0.36,4.95,-15.81,25.00,113.00,25.00,
-0.83,1.67,-12.39,20.00,-32.00,-18.00,
0.60,-4.53,-7.50,-26.00,-19.00,25.00,
-1.98,0.56,-6.88,-109.00,-122.00,-4.00,
-5.46,5.36,-6.49,-9.00,-3.00,-1.00,
-5.09,2.33,-19.89,-2.00,42.00,0.00,
-3.22,0.89,-14.74,25.00,51.00,-5.00,
-1.03,-1.84,-12.11,23.00,56.00,-3.00,
1.51,-4.11,-10.90,-53.00,-2.00,1.00,
0.31,1.22,-5.53,-89.00,-104.00,-34.00,
-3.63,0.40,-4.54,-27.00,-59.00,-16.00,
-5.74,3.21,-8.46,43.00,69.00,-9.00,
-0.68,4.49,-14.90,48.00,78.00,21.00,
-3.43,1.60,-11.75,34.00,-1.00,-7.00,
-0.80,-3.74,-11.52,-14.00,10.00,22.00,
-0.53,0.25,-7.01,-131.00,-123.00,-29.00,
-5.00,2.70,-4.84,-55.00,-113.00,-40.00,
-7.78,3.09,-2.76,84.00,55.00,-17.00,
-4.93,0.13,-14.81,119.00,131.00,47.00,
-2.74,-1.19,-15.30,41.00,-11.00,-17.00,
-5.13,-3.23,-9.22,-38.00,25.00,-21.00,
-1.51,-2.18,-7.50,-25.00,-27.00,11.00,
-1.37,-0.57,-6.25,-131.00,-108.00,22.00,
-7.23,6.05,-4.93,-28.00,-8.00,-24.00,
-6.22,3.13,-7.64,68.00,87.00,-5.00,
-3.91,0.56,-15.94,79.00,107.00,18.00,
-1.34,-1.72,-13.12,46.00,100.00,-19.00,
1.18,-5.13,-8.57,-9.00,12.00,-17.00,
2.51,-4.05,-7.06,-77.00,-88.00,-7.00,
-1.16,4.34,-2.25,-131.00,-131.00,-50.00,
-5.52,3.63,-2.89,63.00,-38.00,-42.00,
-5.96,1.30,-11.93,131.00,56.00,15.00,
-5.26,-0.18,-16.08,62.00,90.00,-3.00,
-2.45,-4.14,-13.55,3.00,67.00,-32.00,
-0.99,-4.69,-5.92,-31.00,13.00,0.00,
2.22,-2.41,-4.89,-131.00,-131.00,-3.00,
-3.88,5.34,-2.41,-38.00,-131.00,-28.00,
-8.07,1.57,-2.12,28.00,-9.00,-27.00,
-8.92,1.13,-9.35,131.00,81.00,-8.00,
-3.45,1.76,-14.68,55.00,131.00,30.00,
-0.08,0.96,-13.69,0.00,85.00,-19.00,
-0.13,-5.37,-8.79,-2.00,-37.00,-20.00,
0.10,-2.34,-3.13,-103.00,-131.00,2.00,
-4.76,3.13,-3.35,-90.00,-131.00,-13.00,
-7.89,3.95,-5.93,45.00,46.00,-13.00,
-2.05,1.78,-14.33,54.00,128.00,42.00,
-2.42,0.07,-14.61,52.00,72.00,-13.00,
-3.55,-5.85,-12.07,8.00,45.00,-8.00,
1.29,-2.31,-7.35,-52.00,-90.00,10.00,
-2.19,2.01,-4.29,-122.00,-131.00,-3.00,
-7.30,2.22,-2.21,13.00,-34.00,-26.00,
-7.41,3.04,-5.64,131.00,93.00,-34.00,
-6.11,1.01,-15.89,66.00,131.00,9.00,
-3.49,-1.07,-13.61,1.00,96.00,-32.00,
1.03,-2.70,-9.72,8.00,49.00,-12.00,
2.04,-2.16,-5.62,-62.00,-121.00,-2.00,
-2.88,2.43,-4.33,-116.00,-131.00,-6.00,
-5.97,5.62,-4.42,11.00,-30.00,-37.00,
-7.91,2.15,-8.21,105.00,116.00,-20.00,
0.57,-0.69,-17.72,26.00,131.00,-4.00,
0.47,-3.01,-13.69,23.00,84.00,-28.00,
3.14,-3.32,-7.54,-50.00,-7.00,-26.00,
2.77,-1.91,-4.09,-102.00,-131.00,-21.00,
-3.93,2.67,-3.11,-99.00,-131.00,-23.00,
-6.61,6.01,-5.46,80.00,12.00,-19.00,
-6.50,0.86,-12.86,106.00,92.00,25.00,
-1.74,0.80,-15.35,65.00,110.00,-6.00,
-2.65,-2.97,-9.55,3.00,32.00,-8.00,
2.37,-2.33,-7.70,-107.00,-63.00,-1.00,
-0.71,5.45,-2.91,-100.00,-131.00,-11.00,
-6.07,2.53,-5.72,25.00,-53.00,-25.00,
-7.53,0.80,-6.35,86.00,51.00,-3.00,
-2.51,-1.27,-16.02,87.00,131.00,49.00,
0.95,-1.15,-15.63,12.00,85.00,-17.00,
-2.33,-4.29,-9.02,-10.00,3.00,-28.00,
2.94,-3.89,-8.22,-95.00,-53.00,-10.00,
-0.23,2.64,-1.08,-121.00,-131.00,-40.00,
-6.58,5.43,-4.49,-27.00,-39.00,-26.00,
-6.82,3.73,-11.17,115.00,64.00,-1.00,
-3.22,1.13,-15.02,91.00,107.00,41.00,
-3.10,-0.69,-13.16,23.00,52.00,-14.00,
0.33,-2.24,-8.20,-13.00,79.00,-23.00,
4.75,-2.14,-6.30,-102.00,-82.00,-27.00,
-1.54,2.08,0.47,-94.00,-131.00,-35.00,
-6.15,2.69,-4.72,-9.00,-77.00,-26.00,
-6.36,4.74,-10.71,106.00,55.00,-8.00,
-3.10,-0.21,-16.21,64.00,131.00,38.00,
3.20,-3.34,-14.52,48.00,114.00,-24.00,
1.61,-3.71,-9.97,-86.00,-28.00,-29.00,
2.71,-0.86,-5.47,-131.00,-131.00,-24.00,
-3.32,5.02,0.26,-67.00,-115.00,-54.00,
-7.54,4.00,-7.09,77.00,-22.00,-44.00,
-7.33,3.98,-13.94,91.00,94.00,21.00,
-2.33,-3.09,-13.70,71.00,99.00,12.00,
0.99,-3.42,-12.76,12.00,85.00,-50.00,
-0.60,-3.05,-5.49,-100.00,13.00,-53.00,
3.19,2.32,-4.52,-118.00,-131.00,-60.00,
-7.01,10.32,-1.76,-62.00,-125.00,-29.00,
-8.62,5.84,-5.96,76.00,21.00,-14.00,
-7.22,1.20,-11.70,125.00,119.00,37.00,
-1.30,-2.28,-14.35,42.00,113.00,-11.00,
-2.64,-4.11,-8.69,-29.00,-1.00,-27.00,
2.85,-0.59,-8.86,-131.00,-68.00,-60.00,
-1.15,5.25,-5.20,-85.00,-131.00,-68.00,
-6.22,5.78,-4.99,54.00,-43.00,-54.00,
-7.73,2.74,-5.06,73.00,55.00,-8.00,
-6.66,0.96,-15.29,81.00,94.00,7.00,
-6.84,-3.08,-9.54,14.00,131.00,-10.00,
0.34,-0.89,-7.16,-2.00,121.00,-14.00,
5.98,-0.60,-7.15,-64.00,-22.00,-37.00,
3.21,6.55,-2.99,-87.00,-131.00,-61.00,
-4.81,2.62,-6.28,0.00,-131.00,-63.00,
-8.31,0.64,-4.79,88.00,-4.00,-28.00,
-8.83,2.58,-11.57,131.00,114.00,42.00,
-0.88,0.60,-15.34,65.00,131.00,47.00,
1.17,-2.63,-13.53,-45.00,48.00,-44.00,
1.59,-3.75,-6.19,-38.00,38.00,-17.00,
4.20,0.70,-1.65,-121.00,-131.00,-27.00,
-5.65,3.04,-1.98,-41.00,-118.00,-30.00,
-7.41,6.39,-6.07,77.00,-25.00,-25.00,
-9.43,4.31,-11.50,97.00,106.00,11.00,
-1.72,1.13,-14.13,52.00,103.00,12.00,
-0.03,-4.12,-13.87,-9.00,71.00,-23.00,
1.07,-4.66,-7.75,-11.00,-7.00,-20.00,
0.61,2.28,-5.12,-131.00,-130.00,-53.00,
-5.84,5.31,-3.35,-76.00,-96.00,-21.00,
-7.36,4.45,-4.68,61.00,15.00,-12.00,
-3.63,2.66,-15.13,74.00,131.00,69.00,
1.05,0.53,-14.53,43.00,65.00,-2.00,
1.24,-1.33,-11.88,10.00,27.00,-25.00,
6.42,-1.78,-9.52,-48.00,-58.00,-13.00,
0.10,0.77,-1.18,-129.00,-131.00,-27.00,
-6.30,7.16,-1.10,-29.00,-107.00,-15.00,
-7.56,4.51,-7.83,114.00,78.00,-14.00,
-3.23,3.58,-16.32,77.00,98.00,27.00,
-1.79,-0.42,-11.80,56.00,106.00,-26.00,
1.94,-4.17,-10.84,-58.00,65.00,-14.00,
4.89,-1.30,-7.93,-47.00,-95.00,4.00,
-2.76,-1.36,-1.96,-131.00,-126.00,22.00,
-5.83,4.92,-4.02,-53.00,-44.00,-21.00,
-6.21,3.44,-7.30,123.00,72.00,-20.00,
-3.34,5.06,-17.11,84.00,114.00,39.00,
-1.24,-1.35,-11.80,62.00,78.00,-21.00,
2.82,-4.06,-11.47,-14.00,22.00,-32.00,
4.82,-5.03,-8.14,-48.00,-104.00,-2.00,
-1.61,-1.75,-4.58,-121.00,-131.00,1.00,
-5.04,4.61,-2.04,-62.00,-104.00,-11.00,
-8.10,3.35,-5.52,50.00,22.00,-29.00,
-7.89,1.99,-15.90,96.00,102.00,5.00,
-6.38,-0.35,-11.06,50.00,131.00,-23.00,
0.31,-2.87,-8.16,3.00,115.00,-36.00,
7.08,-3.83,-10.82,-62.00,-131.00,10.00,
-1.56,-1.87,-5.26,-129.00,-119.00,17.00,
-4.51,3.59,-0.44,-102.00,-85.00,-14.00,
-7.21,5.81,-4.65,35.00,32.00,-29.00,
-7.32,7.15,-14.75,98.00,85.00,26.00,
-6.82,2.28,-13.53,55.00,15.00,-26.00,
-2.86,-1.53,-6.14,-26.00,131.00,-10.00,
4.32,-1.62,-11.07,-47.00,-21.00,-9.00,
0.70,-0.78,-4.12,-58.00,-131.00,-5.00,
-3.75,2.97,1.38,-89.00,-131.00,-29.00,
-8.33,4.30,-3.08,23.00,-22.00,-37.00,
-10.04,2.86,-10.59,75.00,60.00,-1.00,
-10.81,3.45,-14.02,60.00,131.00,15.00,
-4.76,-1.25,-12.15,41.00,131.00,-34.00,
1.54,-6.32,-7.73,-14.00,89.00,-30.00,
7.60,-4.39,-7.21,-83.00,-65.00,-12.00,
1.38,3.07,-2.12,-116.00,-131.00,-52.00,
-8.96,3.86,-0.83,-54.00,-125.00,-22.00,
-8.78,4.22,-9.98,98.00,50.00,-17.00,
-3.97,2.56,-14.26,82.00,131.00,36.00,
-1.11,-1.33,-14.71,77.00,131.00,-24.00,
-0.88,-2.70,-9.21,16.00,9.00,-22.00,
2.64,-2.19,-5.86,-102.00,-99.00,1.00,
-0.16,5.17,-3.40,-131.00,-131.00,-21.00,
-6.44,2.27,0.16,-11.00,-63.00,-41.00,
-6.96,5.05,-5.72,90.00,41.00,-23.00,
-8.10,4.52,-15.53,118.00,88.00,34.00,
-5.44,0.89,-13.88,64.00,90.00,-1.00,
-3.02,-2.68,-8.72,11.00,114.00,-23.00,
5.47,-6.22,-9.44,-37.00,28.00,-22.00,
5.14,-3.37,-5.59,-89.00,-131.00,13.00,
-3.76,0.62,-2.88,-131.00,-131.00,-17.00,
-7.52,4.60,0.73,-2.00,-33.00,-35.00,
-9.13,4.92,-12.88,100.00,57.00,-4.00,
-7.80,5.57,-12.74,96.00,86.00,22.00,
-3.71,-0.07,-10.99,49.00,101.00,-14.00,
-0.17,-8.08,-11.61,0.00,93.00,-46.00,
3.62,-3.06,-7.46,-37.00,21.00,-8.00,
3.56,-2.19,-7.87,-99.00,-131.00,-14.00,
-3.13,3.40,-4.96,-127.00,-129.00,-36.00,
-7.16,4.77,-2.16,-47.00,-78.00,-36.00,
-7.43,3.42,-5.94,101.00,21.00,-48.00,
-7.13,1.95,-13.10,102.00,85.00,20.00,
-3.10,0.51,-15.05,12.00,131.00,17.00,
2.75,-0.19,-12.94,1.00,59.00,-20.00,
0.34,-3.39,-6.13,-14.00,-38.00,-15.00,
1.13,0.60,-4.77,-92.00,-131.00,-36.00,
-4.94,4.58,-1.31,-29.00,-103.00,-26.00,
-6.20,0.95,-2.13,88.00,-8.00,-35.00,
-9.49,1.14,-10.01,100.00,74.00,-3.00,
-6.37,0.40,-15.49,52.00,131.00,10.00,
-2.85,-3.10,-15.68,10.00,118.00,-34.00,
-2.69,-4.97,-6.16,-31.00,35.00,-14.00,
3.41,-0.90,-6.54,-93.00,-104.00,3.00,
-1.17,2.67,-0.98,-114.00,-131.00,-19.00,
-6.75,3.98,-2.89,-6.00,-31.00,-26.00,
-7.37,2.09,-6.92,110.00,58.00,-13.00,
-5.77,2.10,-15.60,104.00,110.00,16.00,
-7.42,-0.56,-13.03,97.00,64.00,-37.00,
-0.96,-5.52,-13.31,-2.00,99.00,-41.00,
1.22,-5.76,-6.86,-88.00,-23.00,-20.00,
2.02,1.97,-3.70,-131.00,-131.00,-28.00,
-4.90,5.43,-1.41,-85.00,-108.00,-36.00,
-7.74,2.93,-3.42,9.00,-13.00,-39.00,
-9.95,4.52,-9.55,95.00,73.00,3.00,
-6.73,2.52,-11.61,99.00,131.00,30.00,
1.03,-1.48,-14.17,29.00,131.00,-17.00,
-0.53,-3.40,-9.33,34.00,-10.00,-37.00,
3.19,-3.83,-9.53,-87.00,-30.00,-17.00,
0.85,-1.17,-4.44,-61.00,-131.00,2.00,
-4.86,5.17,-3.25,-107.00,-102.00,-23.00,
-7.19,3.50,-3.38,52.00,0.00,-32.00,
-7.47,3.08,-12.16,74.00,52.00,13.00,
-5.53,2.69,-14.62,78.00,124.00,19.00,
0.39,0.06,-13.07,67.00,109.00,-21.00,
0.22,-5.29,-10.09,-11.00,-23.00,-27.00,
2.59,-3.34,-5.68,-131.00,-94.00,0.00,
-0.17,3.86,-4.86,-131.00,-131.00,-36.00,
-4.83,5.68,-2.04,-32.00,-73.00,-58.00,
-8.97,4.48,-3.71,48.00,36.00,-24.00,
-6.38,2.27,-11.52,68.00,71.00,20.00,
-5.20,0.91,-12.41,78.00,79.00,10.00,
-0.59,-1.88,-13.19,52.00,115.00,-6.00,
1.06,-4.86,-13.81,43.00,32.00,-31.00,
1.67,-4.39,-7.28,-81.00,-9.00,-20.00,
3.73,-0.31,-6.05,-95.00,-131.00,-14.00,
-2.49,3.21,-4.07,-131.00,-120.00,-17.00,
-6.98,6.10,-2.14,-22.00,-67.00,-57.00,
-9.69,2.28,-4.43,111.00,45.00,-31.00,
-7.97,1.14,-12.51,94.00,61.00,17.00,
-5.18,-2.30,-12.49,62.00,128.00,-13.00,
-1.59,-3.60,-11.78,8.00,108.00,-38.00,
-2.91,-5.72,-5.64,0.00,2.00,-13.00,
0.80,-3.89,-6.91,-62.00,-120.00,16.00,
-2.04,4.97,-5.36,-131.00,-131.00,-31.00,
-8.12,1.80,-2.31,15.00,-66.00,-31.00,
-8.62,2.32,-0.79,30.00,41.00,-10.00,
-8.16,0.94,-6.39,97.00,91.00,-4.00,
-7.43,1.57,-12.34,66.00,57.00,5.00,
-4.03,-1.84,-10.74,63.00,102.00,-16.00,
-1.86,-4.01,-12.33,32.00,131.00,-31.00,
2.29,-6.65,-10.86,-38.00,69.00,-51.00,
6.14,-1.51,-6.88,-94.00,-97.00,-32.00,
0.63,2.25,-3.35,-108.00,-131.00,-37.00,
-4.97,3.56,-1.20,-58.00,-131.00,-44.00,
-7.92,4.79,-2.25,55.00,-7.00,-60.00,
-9.39,-0.84,-11.41,129.00,49.00,-23.00,
-9.48,-1.45,-10.46,63.00,131.00,-16.00,
-2.11,-3.25,-10.96,-26.00,131.00,-13.00,
-1.22,-3.73,-9.13,-42.00,39.00,-16.00,
2.91,-0.60,-6.95,-85.00,-102.00,-7.00,
0.14,10.65,-5.05,-131.00,-131.00,-47.00,
-4.85,6.62,-0.58,-22.00,-71.00,-44.00,
-8.27,5.32,-4.98,131.00,48.00,-32.00,
-5.92,-1.49,-13.40,75.00,131.00,8.00,
1.62,-2.45,-15.10,54.00,131.00,8.00,
-1.60,-5.33,-14.08,46.00,35.00,15.00,
6.06,-4.92,-12.73,-106.00,-19.00,-28.00,
1.03,1.80,-4.40,-129.00,-104.00,-47.00,
-2.60,6.02,-2.91,-85.00,-128.00,-72.00,
-6.62,2.77,-5.33,87.00,-19.00,-50.00,
-7.09,1.95,-10.64,115.00,95.00,37.00,
-0.28,0.75,-12.01,31.00,121.00,23.00,
2.64,-2.30,-12.94,39.00,80.00,-17.00,
1.13,-4.73,-10.55,-49.00,-1.00,-36.00,
2.96,-0.88,-7.01,-112.00,-131.00,-36.00,
-4.73,6.41,1.52,-77.00,-114.00,-3.00,
-6.13,5.21,-7.78,16.00,-49.00,-13.00,
-7.36,2.36,-8.38,93.00,48.00,-2.00,
-4.10,-0.72,-12.12,48.00,98.00,6.00,
-0.91,-1.84,-12.90,35.00,112.00,-26.00,
1.24,-3.88,-11.05,-12.00,1.00,-51.00,
1.69,-2.78,-10.42,-131.00,-85.00,-38.00,
-3.53,4.09,-2.04,-131.00,-131.00,-14.00,
-6.33,2.93,-2.21,32.00,-44.00,-41.00,
-8.18,3.98,-4.24,100.00,37.00,-26.00,
-5.90,-0.63,-11.14,128.00,131.00,37.00,
-0.98,-1.54,-13.58,44.00,108.00,-8.00,
1.68,-2.74,-12.73,-7.00,6.00,-29.00,
-1.13,-3.46,-6.45,-83.00,-35.00,-7.00,
-0.64,4.45,-4.97,-110.00,-131.00,-31.00,
-6.26,4.85,-1.48,-23.00,-78.00,-14.00,
-6.88,4.78,-3.27,55.00,25.00,-21.00,
-7.70,2.19,-10.62,87.00,76.00,15.00,
-6.47,0.41,-11.84,61.00,87.00,3.00,
-4.10,-0.08,-10.88,-20.00,23.00,-14.00,
-2.87,-0.71,-6.91,-72.00,-16.00,-7.00,
-2.71,0.74,-8.35,-74.00,-114.00,-23.00,
-7.06,2.18,-0.82,-26.00,-131.00,-28.00,
-8.21,4.39,-1.16,18.00,-25.00,-47.00,
-10.70,0.55,-3.59,62.00,85.00,-9.00,
-8.15,-0.89,-8.97,70.00,109.00,4.00,
-4.65,-0.20,-11.43,7.00,107.00,-13.00,
-0.81,-0.51,-9.12,-46.00,12.00,-28.00,
0.40,0.77,-4.17,-83.00,-131.00,-88.00,
-2.13,-5.66,1.96,-59.00,-79.00,-105.00,
-3.17,-3.21,-9.47,-103.00,131.00,-58.00,
3.41,2.55,-18.35,-38.00,131.00,-4.00,
0.41,-3.58,-18.97,-131.00,49.00,-2.00,
-0.08,3.82,-10.53,1.00,11.00,-19.00,
0.82,2.44,-10.77,4.00,14.00,-2.00,
1.73,2.22,-9.80,16.00,4.00,-3.00,
1.10,2.43,-10.14,-12.00,1.00,6.00,
