9.32,-1.61,-4.05,-2.00,0.00,0.00,
9.53,-1.59,-3.78,-4.00,1.00,0.00,
9.40,-1.39,-4.41,-7.00,5.00,0.00,
9.28,-1.23,-4.29,-4.00,0.00,0.00,
9.44,-1.51,-4.04,-4.00,0.00,-3.00,
9.29,-1.57,-3.94,1.00,0.00,0.00,
9.33,-1.33,-3.90,0.00,1.00,0.00,
9.40,-1.44,-3.99,-1.00,2.00,0.00,
9.33,-1.51,-4.19,-1.00,2.00,-1.00,
9.45,-1.62,-4.22,-1.00,1.00,-1.00,
9.43,-1.58,-4.04,-1.00,0.00,0.00,
9.44,-1.53,-3.87,0.00,0.00,1.00,
9.37,-1.49,-4.06,-1.00,0.00,1.00,
9.39,-1.41,-3.97,0.00,1.00,0.00,
9.42,-1.50,-4.08,-3.00,2.00,-1.00,
9.39,-1.55,-4.10,-1.00,1.00,-1.00,
9.36,-1.60,-4.03,-1.00,1.00,-1.00,
9.37,-1.56,-3.94,0.00,1.00,0.00,
9.42,-1.56,-4.01,-1.00,1.00,0.00,
9.40,-1.57,-4.07,-2.00,1.00,0.00,
9.43,-1.50,-4.05,-1.00,0.00,0.00,
9.35,-1.47,-4.05,-1.00,0.00,0.00,
9.40,-1.54,-3.97,-1.00,1.00,0.00,
9.37,-1.52,-4.02,-2.00,1.00,0.00,
9.39,-1.59,-3.91,-1.00,1.00,0.00,
9.40,-1.46,-4.06,-1.00,0.00,0.00,
9.40,-1.38,-4.05,-2.00,1.00,0.00,
9.39,-1.47,-3.91,-1.00,1.00,0.00,
9.38,-1.58,-4.05,-2.00,2.00,0.00,
9.42,-1.59,-4.11,-2.00,2.00,0.00,
9.41,-1.51,-4.05,0.00,0.00,0.00,
9.36,-1.57,-3.84,-1.00,1.00,0.00,
9.52,-1.49,-3.96,0.00,1.00,0.00,
9.31,-1.45,-3.96,-1.00,1.00,-1.00,
9.50,-1.65,-3.90,-1.00,1.00,-1.00,
9.41,-1.53,-3.92,0.00,1.00,0.00,
9.39,-1.47,-3.98,-1.00,1.00,-1.00,
9.47,-1.54,-3.87,-1.00,1.00,0.00,
9.45,-1.54,-4.12,-1.00,1.00,0.00,
9.43,-1.47,-3.95,-2.00,0.00,0.00,
9.40,-1.55,-3.94,-1.00,0.00,0.00,
9.45,-1.46,-3.87,-1.00,1.00,0.00,
9.64,-1.98,-4.14,1.00,0.00,0.00,
9.82,-4.45,-5.53,-10.00,-20.00,26.00,
10.66,-6.05,-7.49,-30.00,-35.00,60.00,
10.33,-8.89,-8.78,19.00,-48.00,108.00,
6.12,-8.22,-7.36,-7.00,-46.00,131.00,
3.68,-2.93,-5.27,-49.00,19.00,97.00,
-0.76,-3.34,-5.16,-40.00,7.00,33.00,
-1.51,-0.92,-5.41,-36.00,-31.00,34.00,
-4.03,0.43,-4.46,-51.00,-131.00,44.00,
-11.81,3.43,-6.39,-25.00,-36.00,30.00,
-12.07,6.16,-6.66,6.00,25.00,-17.00,
-9.65,5.01,-8.41,23.00,-9.00,-11.00,
-6.15,-1.54,-5.52,28.00,97.00,15.00,
-4.07,0.63,-5.08,7.00,131.00,-2.00,
0.48,-0.80,-7.41,14.00,97.00,2.00,
1.07,-1.89,-7.08,49.00,76.00,22.00,
2.65,-4.17,-10.52,5.00,34.00,19.00,
2.85,-2.36,-10.24,-39.00,-74.00,-3.00,
-1.23,-1.36,-12.08,-73.00,-131.00,-38.00,
-5.66,2.33,-12.55,-52.00,-100.00,-16.00,
-7.33,1.94,-8.95,13.00,-23.00,-7.00,
-5.48,0.04,-6.01,-49.00,104.00,20.00,
-1.63,0.56,-7.15,21.00,131.00,27.00,
4.81,3.14,-9.74,64.00,93.00,36.00,
3.04,-1.34,-9.72,10.00,56.00,6.00,
4.01,-1.16,-9.61,18.00,-10.00,12.00,
-0.42,-2.84,-9.29,-16.00,-131.00,-13.00,
-3.81,-0.67,-13.58,-22.00,-118.00,-23.00,
-5.29,0.21,-11.77,-10.00,-56.00,-16.00,
-6.10,0.36,-8.00,-2.00,15.00,1.00,
-3.61,0.06,-7.76,-4.00,82.00,19.00,
-1.46,-1.11,-8.58,-2.00,99.00,19.00,
1.71,-0.10,-9.01,23.00,112.00,21.00,
4.26,-1.98,-7.88,46.00,67.00,32.00,
4.96,-2.85,-9.78,-9.00,-25.00,5.00,
3.26,-1.52,-10.68,-35.00,-129.00,-22.00,
-3.40,-1.66,-11.18,-28.00,-131.00,-23.00,
-4.89,0.36,-12.74,-12.00,-90.00,-10.00,
-6.78,1.13,-9.58,-40.00,-25.00,8.00,
-6.07,0.28,-6.81,-4.00,65.00,16.00,
-3.75,-0.46,-6.86,5.00,96.00,16.00,
0.65,-0.59,-8.64,12.00,112.00,15.00,
2.95,0.34,-8.70,51.00,77.00,15.00,
4.12,-2.49,-8.80,39.00,-11.00,12.00,
0.89,-2.30,-10.37,-15.00,-71.00,7.00,
-2.35,0.19,-10.89,-36.00,-100.00,3.00,
-4.56,2.09,-11.83,-53.00,-100.00,-7.00,
-7.78,2.44,-11.38,-20.00,-31.00,-4.00,
-6.92,-0.67,-6.74,50.00,46.00,-2.00,
-3.65,-0.31,-7.04,-4.00,83.00,11.00,
-0.80,0.69,-7.50,5.00,69.00,13.00,
0.48,-0.76,-8.68,32.00,54.00,5.00,
2.01,-2.92,-9.50,47.00,82.00,13.00,
3.03,-4.85,-10.12,34.00,-9.00,30.00,
-0.97,-4.45,-8.87,-47.00,-131.00,-16.00,
-4.29,-0.85,-12.60,-69.00,-131.00,-16.00,
-6.73,1.21,-11.15,-40.00,-80.00,-11.00,
-8.04,0.26,-8.06,-19.00,43.00,20.00,
-3.53,-1.69,-6.01,38.00,131.00,7.00,
-0.11,0.69,-6.70,25.00,115.00,14.00,
3.12,-1.40,-8.04,34.00,60.00,12.00,
3.00,-4.30,-9.04,38.00,27.00,20.00,
2.74,-2.28,-10.59,-16.00,-92.00,-6.00,
-1.95,-4.06,-10.62,-64.00,-131.00,-24.00,
-3.83,0.40,-12.77,-76.00,-104.00,-7.00,
-7.54,-1.53,-10.25,-36.00,-58.00,3.00,
-7.02,0.21,-7.53,-17.00,47.00,17.00,
-3.09,1.67,-5.58,24.00,131.00,32.00,
0.53,-0.06,-6.01,45.00,129.00,25.00,
4.66,-2.02,-8.26,38.00,72.00,23.00,
5.53,-4.39,-10.28,15.00,-12.00,13.00,
2.74,-0.86,-10.22,-48.00,-131.00,-32.00,
-3.72,-2.04,-11.27,-53.00,-131.00,-26.00,
-6.44,-0.12,-12.98,-22.00,-89.00,-4.00,
-7.37,-0.33,-10.64,-12.00,-34.00,0.00,
-7.15,-0.74,-7.67,-27.00,37.00,18.00,
-3.61,-1.00,-5.11,34.00,131.00,27.00,
0.87,-1.15,-6.37,23.00,131.00,22.00,
4.24,-1.45,-8.14,47.00,64.00,34.00,
3.87,-3.74,-10.11,0.00,-33.00,13.00,
1.56,0.81,-10.58,-29.00,-106.00,-10.00,
-3.64,-3.77,-12.26,-82.00,-131.00,-26.00,
-7.35,0.71,-12.97,-49.00,-88.00,-21.00,
-6.95,-0.63,-9.03,8.00,10.00,20.00,
-5.09,-1.79,-6.60,-21.00,108.00,33.00,
-1.03,1.00,-6.15,58.00,131.00,31.00,
3.11,-1.34,-7.76,36.00,104.00,16.00,
5.63,-3.28,-9.03,47.00,18.00,24.00,
2.14,-4.61,-8.70,16.00,-6.00,10.00,
0.90,-6.32,-11.03,-30.00,-100.00,0.00,
-1.95,-4.89,-11.23,-71.00,-122.00,-23.00,
-5.99,0.81,-11.91,-38.00,-94.00,-19.00,
-7.76,-0.66,-10.49,4.00,-25.00,5.00,
-6.18,-1.38,-5.92,21.00,112.00,27.00,
-1.22,0.17,-5.85,-1.00,131.00,17.00,
2.89,0.94,-6.17,38.00,96.00,28.00,
4.65,-1.21,-7.70,34.00,50.00,20.00,
6.17,-4.81,-9.18,33.00,3.00,15.00,
3.06,-6.11,-9.32,10.00,-97.00,-8.00,
-1.17,-3.70,-11.38,-36.00,-122.00,-12.00,
-3.27,-0.11,-14.37,-8.00,-69.00,5.00,
-5.82,-1.54,-11.58,-21.00,-41.00,15.00,
-4.05,-1.63,-6.46,-1.00,50.00,26.00,
-2.03,-2.04,-6.60,-43.00,122.00,34.00,
1.36,-0.45,-6.99,34.00,131.00,22.00,
4.36,-2.63,-9.06,33.00,34.00,19.00,
3.42,-3.65,-8.83,21.00,-12.00,11.00,
1.33,-3.93,-8.37,41.00,-85.00,13.00,
-3.63,-4.91,-10.41,-33.00,-131.00,-12.00,
-7.63,-7.53,-12.30,-46.00,-111.00,0.00,
-7.92,-3.36,-9.50,-42.00,-50.00,15.00,
-6.34,-3.76,-8.21,-56.00,44.00,38.00,
-5.07,-3.61,-5.61,-18.00,116.00,31.00,
-1.12,-1.08,-5.93,26.00,131.00,8.00,
2.35,-2.26,-7.95,47.00,71.00,20.00,
3.67,-3.50,-8.36,33.00,31.00,4.00,
2.73,-3.99,-8.27,26.00,-71.00,28.00,
-1.15,-7.64,-10.47,-66.00,-120.00,-16.00,
-3.75,-4.49,-13.99,-131.00,-125.00,-1.00,
-6.27,-0.76,-11.74,-31.00,-72.00,1.00,
-6.65,0.68,-8.01,24.00,25.00,15.00,
-3.54,-0.82,-5.63,-14.00,131.00,19.00,
-0.17,-0.89,-7.08,28.00,125.00,20.00,
3.63,-1.63,-8.14,53.00,62.00,29.00,
3.50,-3.83,-8.12,46.00,28.00,31.00,
1.98,-7.80,-10.44,7.00,-29.00,5.00,
1.03,-5.10,-9.63,-13.00,-131.00,-13.00,
-3.81,-0.19,-13.14,-95.00,-122.00,-9.00,
-7.44,1.20,-10.85,-15.00,-48.00,0.00,
-7.49,-1.27,-7.92,30.00,84.00,19.00,
-1.44,-2.80,-4.78,12.00,131.00,8.00,
2.22,-0.10,-6.33,33.00,92.00,13.00,
3.55,-5.15,-8.71,47.00,49.00,16.00,
4.14,-5.27,-9.51,25.00,-79.00,17.00,
-1.63,-3.42,-10.33,-65.00,-131.00,-6.00,
-4.51,-0.08,-10.95,-103.00,-131.00,-8.00,
-7.69,2.38,-10.00,-50.00,-53.00,-9.00,
-7.71,1.51,-8.43,67.00,111.00,19.00,
0.01,-1.20,-6.24,20.00,131.00,27.00,
2.64,-2.83,-6.10,27.00,80.00,32.00,
3.64,-2.24,-7.71,46.00,33.00,24.00,
4.14,-6.06,-9.24,30.00,-33.00,17.00,
2.89,-5.61,-10.39,-28.00,-111.00,-8.00,
-2.21,-0.81,-11.55,-28.00,-131.00,-17.00,
-3.57,1.62,-13.20,-43.00,-54.00,4.00,
-4.19,0.25,-11.46,-13.00,-25.00,10.00,
-4.24,-2.49,-5.56,7.00,109.00,19.00,
0.10,-0.81,-6.42,11.00,125.00,12.00,
2.89,-0.70,-7.05,35.00,63.00,18.00,
3.17,-3.56,-8.05,47.00,34.00,18.00,
5.69,-5.74,-11.33,18.00,-36.00,9.00,
1.65,-2.48,-10.14,-15.00,-131.00,-18.00,
-4.54,-2.72,-12.51,-48.00,-119.00,-10.00,
-5.43,-0.59,-13.13,-44.00,-74.00,2.00,
-6.21,-0.03,-9.73,-29.00,-17.00,17.00,
-4.35,-1.31,-7.22,0.00,95.00,23.00,
-0.80,-0.87,-6.53,28.00,129.00,11.00,
1.78,-0.64,-7.54,49.00,84.00,14.00,
2.82,-3.77,-8.24,55.00,28.00,28.00,
3.40,-5.52,-9.64,28.00,-11.00,15.00,
1.36,-7.09,-10.22,-58.00,-131.00,-34.00,
-3.44,-1.67,-12.01,-81.00,-131.00,-5.00,
-7.70,-0.34,-11.86,-34.00,-116.00,-9.00,
-8.35,-1.27,-7.65,15.00,-5.00,15.00,
-6.45,-1.56,-5.81,-3.00,111.00,28.00,
-1.74,-2.38,-7.05,1.00,131.00,11.00,
2.85,-0.80,-7.81,29.00,112.00,10.00,
4.48,-2.73,-7.92,28.00,23.00,11.00,
4.20,-4.92,-9.07,13.00,-61.00,1.00,
-0.52,-4.37,-9.05,-2.00,-131.00,-15.00,
-6.67,-1.14,-11.18,-43.00,-131.00,3.00,
-10.85,-1.01,-11.75,-2.00,-85.00,-7.00,
-9.44,-2.28,-6.65,5.00,22.00,23.00,
-3.32,-3.44,-4.79,-31.00,131.00,37.00,
-0.12,-1.26,-5.40,13.00,131.00,4.00,
3.34,-1.40,-8.08,40.00,57.00,17.00,
2.62,-4.26,-7.82,67.00,33.00,34.00,
2.81,-6.08,-9.39,32.00,-84.00,45.00,
-5.34,-14.78,-10.47,-5.00,-131.00,49.00,
-6.66,-5.20,-11.34,-94.00,-103.00,19.00,
-7.34,-1.76,-8.19,-80.00,0.00,31.00,
-5.25,-1.02,-6.32,-17.00,131.00,38.00,
-0.46,-0.98,-6.36,9.00,131.00,17.00,
3.14,-1.04,-7.11,30.00,72.00,31.00,
4.64,-2.42,-8.22,42.00,30.00,17.00,
4.19,-6.25,-9.25,37.00,-31.00,12.00,
-0.18,-5.84,-9.09,6.00,-131.00,6.00,
-4.12,-2.56,-13.33,-4.00,-131.00,-6.00,
-7.77,-0.01,-11.69,-80.00,-115.00,10.00,
-8.80,-1.34,-7.85,-17.00,46.00,55.00,
-3.56,0.02,-4.27,29.00,131.00,20.00,
1.06,0.45,-7.10,24.00,131.00,12.00,
3.99,-1.63,-7.21,63.00,85.00,28.00,
5.04,-4.47,-9.19,62.00,43.00,32.00,
5.58,-6.89,-9.49,7.00,-51.00,-16.00,
0.20,-6.53,-9.38,-36.00,-131.00,27.00,
-4.80,-0.27,-14.06,-35.00,-127.00,6.00,
-7.28,-0.80,-11.54,-57.00,-32.00,21.00,
-4.90,-0.52,-6.90,0.00,119.00,34.00,
-0.89,-0.80,-5.08,0.00,131.00,12.00,
3.62,-1.88,-6.94,24.00,76.00,0.00,
4.44,-2.37,-7.23,56.00,16.00,21.00,
3.24,-7.29,-8.84,0.00,-68.00,-14.00,
0.27,-7.28,-12.03,9.00,-131.00,0.00,
-3.17,-3.35,-14.00,-32.00,-131.00,-6.00,
-5.67,-2.67,-11.22,-19.00,-65.00,12.00,
-6.91,-2.00,-9.18,3.00,17.00,21.00,
-3.11,-1.17,-5.28,-26.00,131.00,20.00,
0.15,-2.02,-5.81,22.00,131.00,6.00,
4.17,-2.69,-8.19,37.00,61.00,12.00,
4.16,-3.42,-8.00,44.00,-16.00,8.00,
0.94,-6.79,-10.31,-18.00,-94.00,-10.00,
-3.70,-4.54,-11.26,-79.00,-131.00,-15.00,
-5.76,-0.97,-13.79,-51.00,-94.00,-2.00,
-7.35,-3.02,-10.14,5.00,-34.00,9.00,
-7.85,-0.59,-7.67,1.00,55.00,25.00,
-3.33,-1.18,-5.92,-20.00,123.00,16.00,
0.23,-0.25,-6.77,18.00,102.00,5.00,
2.09,-0.99,-7.69,39.00,76.00,6.00,
2.82,-5.02,-8.86,43.00,16.00,12.00,
-0.01,-5.63,-9.30,-4.00,-123.00,10.00,
-2.67,-1.70,-11.98,-9.00,-131.00,-14.00,
-7.09,-0.30,-13.26,-64.00,-114.00,-8.00,
-7.68,-1.62,-9.55,-14.00,-9.00,26.00,
-3.48,-2.25,-4.69,-6.00,129.00,25.00,
-0.33,-1.25,-5.86,4.00,131.00,13.00,
2.06,-1.73,-7.81,29.00,89.00,8.00,
3.55,-3.65,-9.30,32.00,67.00,10.00,
4.28,-3.05,-9.65,35.00,-17.00,27.00,
2.08,-4.78,-9.70,-25.00,-131.00,-26.00,
-4.34,-4.15,-14.14,-19.00,-131.00,-6.00,
-7.66,-0.90,-11.13,-25.00,-83.00,9.00,
-7.15,-2.54,-8.59,9.00,56.00,32.00,
-1.58,-0.72,-6.17,-17.00,131.00,24.00,
1.08,-1.00,-6.73,7.00,130.00,17.00,
3.80,-2.09,-8.56,31.00,57.00,25.00,
3.43,-4.02,-9.02,38.00,8.00,21.00,
1.42,-5.75,-8.78,39.00,-131.00,-11.00,
-4.53,-4.43,-13.75,-26.00,-131.00,-1.00,
-9.08,-2.61,-11.25,-16.00,-81.00,7.00,
-7.32,-1.01,-6.83,-26.00,41.00,30.00,
-3.76,-2.19,-6.46,-22.00,131.00,22.00,
1.16,-0.43,-7.73,-26.00,128.00,21.00,
1.21,-1.36,-8.39,35.00,54.00,33.00,
4.14,-1.41,-9.34,37.00,57.00,27.00,
3.62,-2.58,-9.29,34.00,-15.00,23.00,
-0.28,-5.17,-8.32,-13.00,-131.00,-16.00,
-5.89,-4.52,-15.18,-19.00,-125.00,2.00,
-8.33,-1.81,-11.02,-11.00,-79.00,0.00,
-7.85,-2.74,-7.50,-23.00,49.00,25.00,
-2.86,-2.15,-4.88,-34.00,131.00,18.00,
0.35,-0.58,-6.67,12.00,127.00,17.00,
2.80,-2.08,-8.18,31.00,63.00,25.00,
3.24,-4.74,-9.48,30.00,30.00,18.00,
2.51,-6.03,-9.91,-45.00,-131.00,-25.00,
-3.59,0.28,-13.03,14.00,-131.00,-8.00,
-7.15,1.27,-13.46,-21.00,-97.00,-9.00,
-7.29,-1.63,-8.43,2.00,3.00,16.00,
-3.54,-2.36,-5.41,-37.00,131.00,42.00,
0.80,-2.34,-6.50,10.00,131.00,14.00,
3.50,-1.28,-7.59,28.00,87.00,18.00,
5.08,-3.51,-9.27,17.00,41.00,4.00,
5.47,-2.90,-11.38,4.00,-32.00,-22.00,
0.30,-2.61,-9.56,-14.00,-131.00,9.00,
-3.05,-1.74,-13.22,-30.00,-131.00,-1.00,
-6.78,-0.43,-13.08,-9.00,-62.00,-3.00,
-6.37,-1.68,-7.07,-18.00,112.00,32.00,
-1.24,-2.50,-4.01,11.00,131.00,4.00,
4.04,-0.54,-7.04,15.00,69.00,12.00,
5.80,-1.78,-8.05,33.00,45.00,12.00,
3.99,-4.22,-7.75,50.00,-13.00,15.00,
1.38,-4.36,-11.14,-5.00,-131.00,0.00,
-3.49,-6.99,-13.08,-34.00,-131.00,-9.00,
-7.36,-0.78,-13.67,-17.00,-84.00,6.00,
-8.07,-0.12,-10.33,-23.00,-1.00,32.00,
-2.81,-1.89,-4.06,3.00,131.00,31.00,
0.51,0.04,-6.10,16.00,131.00,9.00,
3.52,-1.38,-7.78,38.00,36.00,20.00,
2.62,-2.66,-8.35,37.00,-33.00,10.00,
1.80,-6.50,-10.95,-18.00,-85.00,-7.00,
-4.78,-2.45,-15.08,-5.00,-131.00,-42.00,
-8.64,-1.04,-12.30,-21.00,-101.00,-9.00,
-6.77,-2.16,-7.89,-8.00,12.00,31.00,
-4.86,-2.21,-6.17,-40.00,80.00,31.00,
-1.61,1.47,-6.18,-5.00,131.00,8.00,
2.53,0.87,-8.17,44.00,122.00,26.00,
4.01,-2.77,-9.12,35.00,57.00,22.00,
4.53,-3.89,-11.35,-7.00,-45.00,-22.00,
0.52,-3.58,-8.25,28.00,-131.00,4.00,
-4.39,-3.17,-16.16,2.00,-123.00,0.00,
-7.92,-2.08,-13.14,1.00,-72.00,4.00,
-5.44,-3.29,-6.68,-81.00,81.00,47.00,
-1.46,2.02,-3.83,22.00,131.00,29.00,
2.71,1.66,-6.64,27.00,86.00,23.00,
3.36,-0.94,-8.13,60.00,60.00,35.00,
1.82,-5.90,-7.52,66.00,0.00,46.00,
0.71,-6.48,-8.30,-13.00,-131.00,-20.00,
-4.52,0.50,-13.00,-38.00,-131.00,1.00,
-7.24,0.36,-11.93,-32.00,-67.00,-4.00,
-8.14,0.11,-7.24,-25.00,2.00,20.00,
-3.79,0.04,-5.76,-58.00,131.00,39.00,
1.20,-2.56,-6.91,5.00,131.00,17.00,
3.99,-0.19,-7.83,36.00,60.00,30.00,
2.89,-2.29,-7.90,50.00,42.00,30.00,
4.60,-5.91,-10.28,28.00,-52.00,32.00,
1.29,-6.90,-10.54,-24.00,-131.00,-25.00,
-4.12,-4.01,-11.79,49.00,-131.00,-19.00,
-7.70,-0.42,-10.21,-19.00,-60.00,6.00,
-6.73,-3.06,-5.89,-32.00,85.00,32.00,
-1.33,-0.73,-6.51,-8.00,131.00,28.00,
1.26,-0.84,-7.77,14.00,109.00,22.00,
4.15,-1.54,-8.36,28.00,51.00,17.00,
4.15,-3.21,-9.24,39.00,12.00,26.00,
1.85,-4.96,-11.41,-4.00,-131.00,2.00,
-1.67,-4.50,-14.49,-81.00,-115.00,0.00,
-4.83,-1.33,-13.02,-15.00,-70.00,-5.00,
-5.39,-1.60,-9.21,-39.00,46.00,15.00,
-0.94,-0.10,-5.88,5.00,131.00,20.00,
3.21,-0.65,-6.97,7.00,95.00,17.00,
3.49,-2.76,-9.35,24.00,37.00,12.00,
3.11,-1.98,-8.53,24.00,7.00,21.00,
2.57,-0.71,-10.65,20.00,-128.00,-3.00,
-2.16,-2.44,-13.02,-62.00,-131.00,-24.00,
-6.54,-1.13,-13.86,-21.00,-98.00,-17.00,
-7.07,-1.03,-9.19,4.00,17.00,6.00,
-2.69,-1.00,-5.00,-18.00,119.00,26.00,
0.11,0.33,-7.55,4.00,99.00,10.00,
2.22,-0.81,-8.00,47.00,82.00,23.00,
4.15,-2.94,-9.58,40.00,31.00,17.00,
3.21,-4.65,-9.44,24.00,-2.00,14.00,
2.51,-5.10,-11.27,-27.00,-131.00,-12.00,
-4.54,-5.04,-13.00,-50.00,-131.00,-1.00,
-8.41,-0.53,-13.14,-20.00,-90.00,-8.00,
-7.63,-2.03,-7.30,-32.00,35.00,24.00,
-2.00,-1.00,-5.39,20.00,131.00,19.00,
1.29,-1.27,-7.47,20.00,118.00,19.00,
4.15,-2.54,-8.69,36.00,52.00,19.00,
2.56,-3.94,-8.54,44.00,3.00,22.00,
1.36,-5.76,-10.78,-7.00,-114.00,17.00,
-2.18,0.53,-12.04,-93.00,-131.00,-22.00,
-6.02,2.52,-12.26,-29.00,-80.00,-4.00,
-8.34,0.35,-9.56,4.00,33.00,20.00,
-1.65,-0.46,-4.29,-16.00,131.00,20.00,
2.05,0.43,-6.76,24.00,81.00,25.00,
4.17,-2.65,-7.75,68.00,61.00,29.00,
4.69,-5.72,-10.14,41.00,1.00,1.00,
2.07,-5.17,-10.09,-15.00,-123.00,7.00,
-0.59,-5.64,-12.26,-79.00,-131.00,-21.00,
-5.43,-0.59,-13.37,-7.00,-122.00,-27.00,
-7.92,0.69,-8.87,11.00,30.00,26.00,
-1.96,0.36,-4.39,-3.00,131.00,31.00,
1.97,-1.01,-6.37,26.00,131.00,26.00,
5.28,-2.68,-8.10,33.00,25.00,15.00,
4.69,-6.13,-9.82,33.00,-22.00,6.00,
2.06,-4.07,-9.68,-51.00,-131.00,-41.00,
-3.80,-3.08,-15.52,-25.00,-131.00,7.00,
-8.58,-1.96,-10.20,-10.00,-128.00,0.00,
-8.26,-1.07,-7.24,8.00,45.00,38.00,
-2.51,-1.85,-4.79,-13.00,131.00,24.00,
1.23,-2.10,-6.10,10.00,131.00,-3.00,
5.17,-2.03,-7.33,51.00,39.00,25.00,
1.62,-4.45,-9.22,39.00,-28.00,-16.00,
3.09,-3.40,-13.06,-29.00,-131.00,-23.00,
-5.51,-3.68,-13.11,5.00,-131.00,-25.00,
-8.70,-0.84,-10.02,-14.00,-43.00,18.00,
-6.65,-2.14,-6.77,-19.00,106.00,32.00,
-0.61,-1.36,-4.91,-10.00,131.00,18.00,
3.67,-2.26,-6.14,36.00,127.00,35.00,
4.75,-5.03,-9.04,23.00,15.00,2.00,
2.37,-3.55,-10.55,-41.00,-131.00,-42.00,
-3.25,-2.73,-12.12,-29.00,-131.00,-16.00,
-7.74,0.17,-13.65,-14.00,-99.00,-7.00,
-7.77,-2.18,-7.95,-3.00,12.00,41.00,
-2.61,-1.76,-4.99,-30.00,131.00,37.00,
1.94,-0.04,-6.44,23.00,131.00,14.00,
3.44,-1.31,-6.96,58.00,91.00,28.00,
3.70,-5.12,-8.78,40.00,4.00,21.00,
1.64,-4.39,-9.43,-14.00,-131.00,-18.00,
-6.64,-1.07,-14.06,35.00,-131.00,-15.00,
-8.58,1.77,-11.86,-37.00,-107.00,-9.00,
-6.31,-1.74,-4.94,-41.00,7.00,28.00,
-3.24,0.89,-7.12,-26.00,131.00,42.00,
0.39,-3.42,-4.54,46.00,131.00,21.00,
3.23,-3.40,-8.36,50.00,54.00,25.00,
4.50,-3.40,-9.90,27.00,27.00,12.00,
2.66,-5.05,-10.24,-21.00,-131.00,-2.00,
-4.04,-6.16,-12.81,-112.00,-131.00,0.00,
-9.05,-1.88,-11.87,-22.00,-102.00,-4.00,
-9.29,-0.34,-7.89,8.00,-8.00,25.00,
-5.17,-2.33,-4.39,-9.00,131.00,31.00,
0.94,-1.72,-6.21,25.00,131.00,6.00,
4.21,-2.32,-6.95,39.00,80.00,30.00,
4.65,-2.78,-10.27,-7.00,-45.00,0.00,
-0.06,-2.23,-9.10,-23.00,-131.00,-28.00,
-4.74,-0.56,-12.08,-2.00,-131.00,-7.00,
-8.52,-0.91,-11.13,-11.00,-79.00,2.00,
-8.60,-2.05,-9.14,0.00,3.00,23.00,
-4.71,-2.59,-5.99,-63.00,131.00,36.00,
0.58,-0.72,-5.55,9.00,131.00,13.00,
3.55,-0.17,-6.65,48.00,75.00,24.00,
3.47,-0.92,-9.17,57.00,4.00,26.00,
2.79,-7.99,-9.82,6.00,-131.00,-1.00,
-5.60,-5.19,-15.53,-103.00,-131.00,9.00,
-8.60,-0.95,-10.45,8.00,-107.00,-13.00,
-8.34,0.93,-7.46,-4.00,-21.00,25.00,
-8.86,-1.39,-5.95,11.00,115.00,32.00,
-1.57,-0.21,-5.37,9.00,131.00,25.00,
3.58,-1.43,-6.83,16.00,131.00,10.00,
4.03,-2.94,-7.24,23.00,26.00,5.00,
2.67,-0.70,-10.45,-9.00,-125.00,-36.00,
-2.13,-5.33,-11.00,8.00,-131.00,-24.00,
-10.11,0.01,-15.27,-11.00,-131.00,-14.00,
-9.84,1.48,-9.00,-7.00,-31.00,44.00,
-4.34,-2.61,-2.80,-10.00,62.00,42.00,
-2.32,0.85,-6.34,-24.00,131.00,24.00,
1.19,-0.70,-6.86,35.00,131.00,16.00,
3.49,-2.09,-8.22,39.00,69.00,20.00,
3.28,-1.45,-9.43,23.00,-55.00,17.00,
-1.96,-6.48,-14.27,-50.00,-131.00,-32.00,
-4.07,-2.90,-14.95,-31.00,-131.00,-15.00,
-6.94,-1.84,-9.68,-40.00,-59.00,3.00,
-6.73,-0.38,-7.94,-28.00,28.00,30.00,
-3.10,-2.29,-5.25,-26.00,131.00,27.00,
0.72,-0.16,-7.32,17.00,131.00,19.00,
3.56,-1.21,-6.99,37.00,61.00,25.00,
1.98,-1.53,-8.50,35.00,-15.00,13.00,
3.41,-4.42,-12.31,8.00,-131.00,-19.00,
-2.36,-3.09,-16.59,-18.00,-131.00,-7.00,
-6.52,-2.01,-12.84,-3.00,-89.00,-11.00,
-7.15,-2.17,-8.61,-7.00,-11.00,18.00,
-4.67,-2.11,-7.28,-14.00,93.00,30.00,
-0.85,-0.39,-5.21,8.00,131.00,32.00,
2.26,-1.40,-5.89,42.00,123.00,32.00,
4.38,-1.70,-9.20,26.00,13.00,17.00,
2.95,-2.65,-9.23,-39.00,-131.00,-33.00,
-4.04,-1.15,-15.96,-30.00,-131.00,-21.00,
-6.73,0.52,-13.41,14.00,-92.00,-8.00,
-7.09,-0.57,-7.10,0.00,5.00,31.00,
-3.92,-1.21,-4.75,-26.00,129.00,42.00,
0.80,-0.78,-5.97,28.00,131.00,14.00,
2.79,-0.61,-7.23,53.00,70.00,21.00,
2.67,-6.28,-10.16,15.00,-43.00,9.00,
-1.40,-2.12,-12.00,-2.00,-131.00,7.00,
-4.53,-3.72,-13.66,-36.00,-100.00,19.00,
-7.49,-2.43,-14.50,-3.00,-71.00,-8.00,
-6.99,-1.48,-8.59,11.00,44.00,19.00,
-1.56,-3.22,-2.89,-41.00,131.00,-1.00,
1.05,-1.57,-5.65,-2.00,108.00,1.00,
3.95,-0.66,-7.87,31.00,49.00,-3.00,
4.16,-1.61,-8.75,53.00,-25.00,17.00,
0.45,-8.47,-10.42,18.00,-111.00,8.00,
-1.65,-3.06,-13.90,-62.00,-131.00,0.00,
-6.09,1.32,-13.36,-22.00,-103.00,-7.00,
-6.32,-0.45,-9.26,-78.00,-5.00,33.00,
-4.47,-0.74,-6.21,-3.00,131.00,29.00,
-0.09,-0.27,-4.03,35.00,131.00,18.00,
4.52,-1.25,-6.57,34.00,59.00,15.00,
4.03,-1.26,-8.51,32.00,-5.00,15.00,
1.95,-2.31,-8.83,-10.00,-130.00,-23.00,
-4.39,-2.54,-16.01,-32.00,-131.00,-13.00,
-6.91,-1.18,-13.60,-21.00,-110.00,2.00,
-6.17,-1.69,-8.48,-20.00,-8.00,27.00,
-6.04,0.00,-6.59,-15.00,107.00,38.00,
-0.61,-1.23,-4.54,24.00,131.00,23.00,
3.33,-0.27,-6.31,34.00,95.00,20.00,
3.74,-2.11,-7.99,44.00,26.00,8.00,
4.77,-3.32,-10.92,-28.00,-51.00,-20.00,
0.04,-2.31,-11.03,-7.00,-131.00,-19.00,
-5.93,0.69,-13.86,28.00,-91.00,1.00,
-7.22,-1.28,-13.86,-4.00,-75.00,-1.00,
-5.94,-3.11,-8.75,-24.00,18.00,40.00,
-4.63,1.15,-6.12,-23.00,126.00,32.00,
0.24,-0.62,-4.58,22.00,131.00,20.00,
4.38,-0.95,-6.50,36.00,67.00,21.00,
5.30,-1.77,-9.05,27.00,32.00,19.00,
4.51,-3.81,-11.07,-29.00,-119.00,-27.00,
-3.80,-3.15,-16.99,-55.00,-131.00,-21.00,
-8.66,-4.07,-14.56,-13.00,-109.00,-22.00,
-5.92,-2.01,-9.11,1.00,-37.00,30.00,
-5.83,-0.11,-5.89,-23.00,106.00,40.00,
-1.09,1.24,-5.25,15.00,131.00,24.00,
2.63,-0.90,-6.68,37.00,125.00,24.00,
5.66,-3.06,-7.66,44.00,53.00,16.00,
4.16,-4.92,-9.20,1.00,-88.00,-18.00,
-2.75,-0.72,-11.83,-23.00,-131.00,-27.00,
-5.89,1.39,-14.03,-15.00,-119.00,-10.00,
-8.25,0.58,-11.41,-21.00,-58.00,4.00,
-7.61,-1.23,-9.05,0.00,18.00,38.00,
-3.73,-1.33,-5.00,-48.00,131.00,30.00,
1.21,0.38,-5.38,34.00,131.00,9.00,
4.16,-0.93,-7.13,36.00,54.00,7.00,
3.36,-2.19,-8.66,46.00,11.00,7.00,
2.93,-3.56,-10.88,31.00,-27.00,12.00,
1.68,-5.68,-11.39,-16.00,-131.00,-9.00,
-2.32,-2.51,-15.27,-54.00,-131.00,9.00,
-6.41,-2.13,-11.84,-32.00,-92.00,20.00,
-6.47,-0.77,-6.84,-57.00,14.00,29.00,
-2.11,0.05,-4.48,17.00,131.00,25.00,
0.21,-0.21,-6.07,23.00,127.00,16.00,
3.38,-1.83,-6.97,43.00,88.00,27.00,
6.31,-6.00,-10.99,0.00,0.00,32.00,
2.70,-5.34,-11.93,-49.00,-131.00,-20.00,
-2.63,-1.25,-15.60,-44.00,-131.00,-19.00,
-7.32,-3.37,-12.09,-20.00,-104.00,-9.00,
-8.56,0.18,-8.09,2.00,13.00,5.00,
-3.53,-0.86,-5.67,-24.00,131.00,31.00,
1.91,-0.88,-6.70,17.00,131.00,25.00,
5.43,-1.84,-6.71,33.00,52.00,19.00,
5.01,-4.34,-8.60,34.00,-9.00,3.00,
2.79,-4.00,-11.61,-32.00,-131.00,-27.00,
-5.14,-3.26,-15.78,-15.00,-131.00,6.00,
-7.60,1.10,-14.77,-21.00,-97.00,-30.00,
-7.24,-1.03,-8.83,35.00,-2.00,12.00,
-4.52,-1.86,-4.46,-5.00,131.00,12.00,
-0.18,-0.35,-5.46,31.00,131.00,21.00,
4.03,-2.57,-6.89,33.00,107.00,18.00,
4.43,-4.73,-7.97,31.00,52.00,6.00,
5.51,-2.86,-10.16,-15.00,-60.00,-9.00,
0.30,-4.52,-9.28,7.00,-131.00,-22.00,
-4.49,-2.33,-14.83,35.00,-110.00,-7.00,
-6.56,-2.07,-12.04,-7.00,-81.00,12.00,
-5.46,-1.86,-7.51,-46.00,12.00,28.00,
-4.74,-0.04,-6.00,-7.00,131.00,30.00,
-0.12,-2.05,-5.80,14.00,131.00,18.00,
4.26,-0.93,-6.54,40.00,84.00,21.00,
3.97,-4.79,-7.86,29.00,-1.00,0.00,
3.09,-3.10,-9.09,14.00,-96.00,-3.00,
-1.89,-2.08,-15.96,-28.00,-131.00,-29.00,
-5.94,-2.38,-13.37,22.00,-101.00,-12.00,
-5.99,-2.48,-7.87,-3.00,-29.00,17.00,
-7.44,0.51,-8.06,-41.00,94.00,33.00,
-0.22,-3.10,-3.93,-7.00,131.00,38.00,
2.94,-0.81,-6.00,39.00,109.00,30.00,
4.75,-1.42,-8.90,52.00,36.00,29.00,
4.91,-5.25,-10.04,25.00,-67.00,2.00,
0.52,-8.76,-11.38,-59.00,-131.00,-34.00,
-5.91,-2.34,-12.81,17.00,-131.00,-14.00,
-7.36,-2.95,-10.41,-3.00,-54.00,18.00,
-8.17,-2.16,-7.91,-28.00,54.00,42.00,
-1.47,-0.89,-3.42,-30.00,131.00,34.00,
1.95,-2.53,-6.15,24.00,130.00,21.00,
3.10,-2.31,-7.47,43.00,28.00,10.00,
3.73,-5.88,-10.87,40.00,-20.00,15.00,
0.97,-7.96,-9.45,60.00,-131.00,-7.00,
-5.44,-2.48,-16.30,-23.00,-131.00,20.00,
-8.12,-1.02,-10.56,-19.00,-75.00,37.00,
-5.70,-3.94,-4.67,0.00,82.00,28.00,
-2.44,-1.42,-5.53,-45.00,131.00,13.00,
1.89,-1.29,-6.94,0.00,131.00,12.00,
5.27,-4.67,-7.90,36.00,69.00,16.00,
6.44,-3.54,-9.21,11.00,2.00,-12.00,
2.48,-2.10,-7.89,1.00,-131.00,-28.00,
-3.40,-4.75,-14.25,6.00,-131.00,0.00,
-7.28,-2.64,-13.37,19.00,-97.00,-3.00,
-6.42,-1.59,-10.21,-6.00,-4.00,22.00,
-4.68,-2.29,-6.31,33.00,131.00,8.00,
-0.36,-1.09,-5.19,-1.00,131.00,27.00,
3.49,-3.08,-5.76,38.00,116.00,14.00,
5.00,-4.41,-7.41,13.00,-3.00,-16.00,
5.07,-2.62,-10.50,9.00,-58.00,-1.00,
0.09,-8.83,-10.67,-41.00,-131.00,-29.00,
-5.68,-1.91,-14.43,5.00,-131.00,-6.00,
-9.61,-0.29,-10.02,-10.00,-87.00,13.00,
-8.22,-1.78,-7.47,4.00,59.00,33.00,
-3.01,-1.62,-3.86,-2.00,131.00,17.00,
1.16,-1.72,-5.55,23.00,131.00,14.00,
4.89,-2.55,-7.06,30.00,47.00,25.00,
4.37,-5.10,-8.02,7.00,5.00,-9.00,
1.07,-8.21,-10.59,-66.00,-131.00,-39.00,
-4.11,-1.38,-14.77,-10.00,-106.00,21.00,
-6.39,0.42,-15.48,1.00,-86.00,-29.00,
-6.92,-1.11,-8.84,2.00,11.00,32.00,
-2.95,-3.44,-4.08,-12.00,131.00,15.00,
1.48,-1.13,-5.37,25.00,131.00,12.00,
5.78,-2.04,-7.07,51.00,63.00,11.00,
3.82,-6.27,-8.79,19.00,28.00,-11.00,
2.73,-0.83,-12.63,-28.00,-131.00,-5.00,
-5.45,2.40,-15.70,-2.00,-131.00,-19.00,
-8.52,-1.23,-13.24,-19.00,-80.00,9.00,
-6.18,-2.62,-7.47,22.00,86.00,32.00,
-0.44,0.57,-5.36,-2.00,131.00,12.00,
2.14,-2.51,-5.79,37.00,105.00,12.00,
5.41,-2.77,-8.25,45.00,37.00,13.00,
3.06,-7.31,-10.26,-8.00,-84.00,3.00,
-2.86,-0.14,-11.47,-60.00,-131.00,-9.00,
-4.59,1.41,-14.87,-28.00,-83.00,9.00,
-6.87,0.88,-12.65,-27.00,-35.00,-1.00,
-5.67,-2.76,-4.87,-12.00,96.00,27.00,
-0.76,1.18,-4.74,17.00,131.00,1.00,
3.17,-0.35,-6.20,24.00,90.00,2.00,
2.95,-2.60,-6.85,64.00,47.00,23.00,
1.88,-5.73,-7.62,61.00,-54.00,48.00,
1.71,0.13,-14.82,-118.00,-123.00,0.00,
-4.37,1.80,-14.29,-128.00,-131.00,-2.00,
-9.82,-5.45,-18.68,-74.00,-44.00,11.00,
-4.60,-1.01,-5.40,5.00,39.00,17.00,
-0.69,-0.08,-4.83,-33.00,131.00,8.00,
2.85,-2.04,-6.14,43.00,131.00,13.00,
5.29,-4.22,-7.68,39.00,46.00,23.00,
2.89,-6.01,-9.85,-20.00,-96.00,-15.00,
-2.03,1.02,-13.33,-67.00,-131.00,-20.00,
-5.78,-0.18,-15.18,1.00,-114.00,-19.00,
-6.52,-1.18,-11.11,8.00,-52.00,4.00,
-5.93,-1.69,-5.78,-17.00,37.00,37.00,
-1.29,-0.75,-4.40,-21.00,131.00,17.00,
2.51,-0.81,-6.88,12.00,131.00,8.00,
5.52,-2.66,-6.25,68.00,89.00,33.00,
5.50,-4.01,-11.11,-4.00,-25.00,-8.00,
1.58,0.24,-10.28,-34.00,-131.00,-53.00,
-3.91,0.03,-14.19,25.00,-131.00,-14.00,
-7.17,-1.88,-10.00,-3.00,-116.00,-7.00,
-7.51,-2.01,-4.88,-13.00,16.00,38.00,
-2.69,-3.03,-5.18,-29.00,131.00,29.00,
-0.42,-0.78,-5.39,22.00,131.00,3.00,
3.31,-1.81,-6.33,47.00,97.00,36.00,
4.90,-1.65,-10.52,-36.00,-25.00,-26.00,
1.05,-1.08,-9.06,41.00,-131.00,-19.00,
-4.92,0.80,-14.23,8.00,-129.00,-4.00,
-8.15,-0.47,-13.03,12.00,-131.00,-20.00,
-11.95,-7.55,-17.27,-115.00,46.00,30.00,
-5.32,-2.39,-4.66,-11.00,131.00,43.00,
-0.18,-1.20,-4.58,35.00,131.00,21.00,
2.72,-0.80,-6.01,44.00,77.00,12.00,
2.84,-4.51,-9.16,-6.00,31.00,-23.00,
2.93,2.04,-11.29,-30.00,-128.00,-26.00,
-2.28,-0.86,-12.62,5.00,-131.00,-24.00,
-6.02,-0.76,-14.10,6.00,-131.00,-34.00,
-6.40,2.17,-7.52,9.00,-23.00,26.00,
-5.22,-2.69,-5.16,-10.00,131.00,41.00,
-0.49,-0.69,-5.28,-7.00,131.00,10.00,
4.35,-1.14,-7.09,38.00,86.00,31.00,
2.86,-3.68,-7.96,24.00,4.00,5.00,
0.57,-1.72,-9.63,7.00,-131.00,-16.00,
-4.91,-0.46,-14.17,-11.00,-131.00,-5.00,
-7.75,-2.80,-13.28,-17.00,-111.00,-2.00,
-7.12,-1.14,-12.57,-58.00,-21.00,27.00,
-7.39,-0.74,-5.46,13.00,105.00,35.00,
-1.70,0.20,-5.58,6.00,131.00,26.00,
2.05,-1.37,-4.91,19.00,131.00,9.00,
5.20,-2.50,-6.42,33.00,30.00,12.00,
3.72,-3.45,-11.50,-29.00,-93.00,-34.00,
-3.17,-0.27,-12.43,5.00,-131.00,-21.00,
-5.60,0.06,-14.97,26.00,-131.00,-38.00,
-6.85,-1.79,-10.90,19.00,-85.00,0.00,
-7.02,-1.25,-7.14,-4.00,-1.00,36.00,
-3.60,0.27,-3.77,-9.00,131.00,56.00,
0.17,-1.42,-5.55,42.00,131.00,10.00,
4.24,-1.90,-7.02,53.00,97.00,16.00,
3.34,-5.84,-8.96,-12.00,-57.00,-19.00,
-2.61,-1.27,-13.51,-4.00,-131.00,-34.00,
-6.88,1.49,-17.54,-10.00,-131.00,-17.00,
-9.04,-1.92,-11.11,-20.00,-75.00,14.00,
-8.46,-2.45,-6.31,-6.00,69.00,36.00,
-2.29,1.20,-2.94,-8.00,131.00,41.00,
2.73,-4.15,-4.39,42.00,131.00,25.00,
4.48,-4.38,-7.67,48.00,32.00,31.00,
2.18,-4.29,-8.67,21.00,-16.00,25.00,
1.27,0.24,-9.65,-69.00,-131.00,-51.00,
-5.76,-2.18,-15.34,-46.00,-106.00,-8.00,
-7.70,1.53,-15.20,-31.00,-84.00,-1.00,
-7.91,0.29,-6.41,8.00,40.00,37.00,
-1.49,-2.85,-2.78,-8.00,131.00,23.00,
1.79,1.52,-5.24,22.00,106.00,18.00,
4.94,-1.01,-7.74,45.00,56.00,14.00,
3.00,-6.68,-9.97,56.00,27.00,37.00,
1.68,-5.34,-10.55,-22.00,-131.00,-3.00,
-3.31,0.07,-15.00,-98.00,-127.00,-14.00,
-5.59,1.57,-14.71,-51.00,-96.00,-31.00,
-7.26,0.07,-9.02,16.00,1.00,21.00,
-4.53,-3.35,-5.01,-21.00,131.00,30.00,
0.09,-0.21,-4.11,-4.00,99.00,1.00,
3.63,1.96,-5.99,50.00,67.00,10.00,
2.35,-10.89,-8.71,35.00,56.00,17.00,
4.09,-4.64,-13.36,-26.00,-106.00,-11.00,
-3.35,-1.49,-16.46,-11.00,-131.00,-25.00,
-7.27,-2.54,-12.97,19.00,-131.00,-40.00,
-6.97,-2.48,-8.12,25.00,-66.00,7.00,
-7.77,-2.19,-5.94,-9.00,112.00,46.00,
-1.94,-0.28,-4.12,-36.00,131.00,30.00,
1.94,-0.69,-6.50,-1.00,131.00,14.00,
5.95,-0.54,-6.65,11.00,94.00,6.00,
6.12,-3.81,-8.57,34.00,-40.00,9.00,
1.54,-0.53,-9.81,-6.00,-131.00,-62.00,
-3.57,-0.76,-13.78,-11.00,-131.00,-11.00,
-8.08,-0.48,-14.11,-39.00,-105.00,19.00,
-6.97,-0.61,-8.28,-22.00,-5.00,44.00,
-4.80,-0.70,-2.74,-8.00,131.00,30.00,
0.00,0.48,-5.19,4.00,131.00,19.00,
3.44,1.43,-6.23,32.00,119.00,16.00,
4.16,-0.63,-7.11,68.00,87.00,30.00,
6.93,-3.48,-11.89,-3.00,-49.00,11.00,
0.58,-4.34,-11.69,-46.00,-131.00,-51.00,
-5.55,-2.73,-16.91,30.00,-131.00,-27.00,
-7.04,-3.20,-11.11,0.00,-63.00,24.00,
-7.39,-1.93,-6.55,-31.00,48.00,52.00,
-3.10,-0.22,-2.93,-9.00,131.00,31.00,
2.42,-0.13,-5.04,-1.00,131.00,15.00,
6.39,-1.15,-6.19,50.00,107.00,23.00,
7.15,-4.11,-11.45,-8.00,-32.00,-7.00,
0.50,-1.56,-8.89,64.00,-131.00,-16.00,
-3.50,-2.11,-14.35,34.00,-131.00,-5.00,
-7.96,-0.70,-13.88,11.00,-107.00,0.00,
-9.53,-0.04,-9.29,-7.00,-7.00,51.00,
-8.75,-2.10,-4.63,-4.00,113.00,44.00,
-1.60,-0.17,-2.00,23.00,131.00,8.00,
3.82,-0.80,-5.68,7.00,92.00,-3.00,
5.61,-2.32,-7.64,18.00,31.00,7.00,
3.77,-5.67,-10.30,8.00,-120.00,3.00,
-2.21,2.83,-17.74,-41.00,-131.00,-25.00,
-7.40,-0.25,-14.43,-8.00,-128.00,-26.00,
-8.77,0.56,-11.13,-4.00,-19.00,34.00,
-7.01,-2.23,-4.57,-32.00,131.00,57.00,
-0.08,0.74,-3.65,6.00,131.00,23.00,
5.32,0.30,-5.29,36.00,98.00,14.00,
4.51,-4.28,-5.47,67.00,28.00,21.00,
4.30,-4.81,-11.79,-15.00,-110.00,-23.00,
-2.55,-3.29,-14.27,-46.00,-131.00,-26.00,
-5.01,2.15,-18.61,16.00,-64.00,-12.00,
-2.95,-1.14,-10.54,-38.00,10.00,32.00,
-3.21,-2.09,-6.18,-19.00,-2.00,18.00,
0.31,2.35,-6.15,39.00,131.00,33.00,
1.95,-1.14,-5.19,56.00,125.00,33.00,
4.62,-5.74,-8.53,41.00,51.00,13.00,
4.62,-4.56,-11.14,-31.00,-80.00,0.00,
-1.14,3.30,-15.63,-62.00,-131.00,-44.00,
-6.02,1.88,-12.28,-1.00,-127.00,-23.00,
-6.52,-1.19,-9.92,8.00,-49.00,6.00,
-7.17,-1.91,-7.81,-39.00,61.00,32.00,
-1.54,-1.26,-3.47,13.00,131.00,13.00,
2.96,-0.75,-5.28,42.00,109.00,23.00,
3.96,-3.50,-7.57,11.00,15.00,1.00,
3.44,-2.05,-11.98,-38.00,-127.00,-23.00,
-2.20,-1.19,-14.24,-32.00,-131.00,-22.00,
-5.11,0.35,-11.53,0.00,-101.00,-8.00,
-7.88,-0.83,-14.12,30.00,-26.00,12.00,
-6.71,-2.71,-9.81,19.00,56.00,11.00,
-3.17,-5.18,-1.56,-78.00,131.00,5.00,
0.71,0.92,-5.72,-15.00,129.00,-18.00,
3.23,1.88,-5.08,32.00,47.00,2.00,
0.63,-3.73,-6.63,11.00,-22.00,26.00,
0.65,-3.50,-16.71,-72.00,-86.00,-14.00,
-1.96,3.78,-17.89,-19.00,-110.00,-18.00,
-3.76,-1.00,-11.92,45.00,-79.00,3.00,
-5.33,-1.95,-5.78,45.00,-17.00,9.00,
-2.39,-1.20,-4.76,-34.00,131.00,9.00,
0.38,-0.87,-5.55,8.00,131.00,0.00,
4.10,-1.14,-7.01,43.00,94.00,13.00,
3.82,-4.85,-10.61,3.00,-19.00,12.00,
1.48,-2.24,-16.18,-57.00,-131.00,-58.00,
-5.45,0.21,-15.05,-10.00,-131.00,-14.00,
-8.05,-0.43,-9.75,7.00,-71.00,15.00,
-8.28,-1.10,-5.28,0.00,75.00,60.00,
-1.29,-2.25,-5.42,0.00,131.00,13.00,
0.86,1.60,-6.51,16.00,131.00,15.00,
3.69,-2.01,-7.46,55.00,30.00,28.00,
0.15,-5.55,-8.32,-50.00,-131.00,-36.00,
-9.31,2.18,-15.07,23.00,-131.00,-39.00,
-12.41,2.50,-12.43,8.00,-74.00,-20.00,
-9.41,0.50,-8.70,16.00,-9.00,23.00,
-4.39,-2.04,-4.93,20.00,131.00,39.00,
-2.24,-2.75,-3.90,46.00,123.00,14.00,
2.47,0.43,-5.95,38.00,131.00,2.00,
2.17,-4.98,-7.81,61.00,81.00,28.00,
3.30,-3.67,-13.02,-45.00,-124.00,-17.00,
-2.38,-4.08,-15.19,-32.00,-131.00,-28.00,
-7.89,-2.48,-14.58,-8.00,-110.00,4.00,
-6.41,-0.63,-7.29,-3.00,-1.00,41.00,
-2.35,0.57,-5.06,-50.00,130.00,48.00,
0.24,-1.30,-5.34,40.00,131.00,8.00,
2.61,-1.72,-7.14,81.00,120.00,54.00,
5.31,-3.35,-10.31,-3.00,-64.00,-2.00,
-0.46,0.35,-11.19,-18.00,-131.00,-42.00,
-6.97,-4.92,-13.19,48.00,-131.00,-25.00,
-6.93,-2.04,-6.94,20.00,-88.00,47.00,
-6.27,-2.02,-7.16,-59.00,109.00,81.00,
-3.40,-0.36,-3.54,20.00,131.00,6.00,
0.44,0.26,-5.44,40.00,131.00,15.00,
2.17,-3.82,-7.35,54.00,62.00,23.00,
4.05,-2.84,-12.73,-4.00,-74.00,9.00,
-1.04,-5.61,-14.55,-13.00,-131.00,-13.00,
-6.91,-5.48,-13.84,-41.00,-131.00,19.00,
-8.69,-4.75,-9.86,-36.00,-34.00,48.00,
-7.48,-1.33,-4.92,-90.00,131.00,65.00,
-1.60,-0.36,-3.51,15.00,131.00,9.00,
3.54,-1.08,-6.77,27.00,98.00,26.00,
3.68,-0.62,-7.30,34.00,32.00,18.00,
3.23,-0.59,-9.82,6.00,-131.00,-10.00,
-3.25,2.19,-14.59,-40.00,-131.00,-16.00,
-8.85,0.64,-13.29,-27.00,-131.00,-29.00,
-8.41,-2.46,-7.18,1.00,-34.00,26.00,
-4.56,-2.59,-4.24,-23.00,57.00,58.00,
-2.75,2.78,-6.50,-4.00,118.00,9.00,
-0.12,-0.25,-5.52,21.00,124.00,6.00,
2.21,-1.05,-8.16,51.00,120.00,8.00,
5.08,-3.07,-11.73,44.00,-19.00,-9.00,
0.02,-4.51,-9.21,-29.00,-131.00,-20.00,
-4.84,0.40,-17.72,-9.00,-128.00,-14.00,
-7.95,4.36,-12.31,-67.00,-62.00,17.00,
-6.66,0.83,-6.81,49.00,83.00,56.00,
-1.02,0.33,-3.11,23.00,131.00,14.00,
1.76,1.71,-6.65,33.00,80.00,19.00,
3.29,-2.40,-6.41,54.00,32.00,18.00,
-0.19,-2.17,-8.82,-8.00,-108.00,-20.00,
-3.21,-4.66,-15.61,-33.00,-131.00,-10.00,
-7.30,-1.10,-14.46,-27.00,-88.00,-1.00,
-8.65,-1.76,-11.83,-4.00,-7.00,24.00,
-5.05,-2.65,-3.16,-6.00,131.00,26.00,
-0.44,-0.08,-4.13,6.00,121.00,23.00,
3.11,-0.37,-6.75,28.00,84.00,-2.00,
1.72,-3.43,-6.99,63.00,39.00,28.00,
3.39,-4.11,-11.75,-5.00,-63.00,-4.00,
0.51,3.16,-17.28,-83.00,-131.00,-10.00,
-4.12,-1.20,-14.94,-29.00,-127.00,-2.00,
-4.84,-1.34,-8.29,-29.00,-14.00,27.00,
-3.02,0.12,-4.20,-1.00,131.00,27.00,
1.44,-0.75,-4.52,35.00,131.00,13.00,
4.90,-3.50,-7.46,36.00,50.00,7.00,
1.38,-3.42,-8.81,2.00,-73.00,-11.00,
-3.03,-4.52,-13.47,34.00,-131.00,-26.00,
-7.04,0.09,-15.40,20.00,-83.00,-12.00,
-5.27,-0.81,-11.17,-9.00,-47.00,20.00,
-5.24,-0.06,-7.80,-18.00,0.00,31.00,
-0.44,-3.14,-2.74,-52.00,131.00,16.00,
1.24,-1.86,-6.49,30.00,116.00,-3.00,
2.72,-2.27,-9.75,23.00,75.00,9.00,
1.95,-4.67,-10.00,31.00,-54.00,17.00,
2.03,-5.30,-16.85,-28.00,-131.00,-9.00,
-2.32,-6.13,-15.70,-14.00,-105.00,-26.00,
-4.93,-4.39,-12.73,-31.00,-40.00,15.00,
-4.61,-3.11,-4.50,-65.00,116.00,50.00,
0.24,-0.06,-3.83,1.00,131.00,15.00,
3.91,0.29,-7.85,46.00,64.00,21.00,
2.93,-3.27,-9.09,59.00,-8.00,14.00,
-1.18,-3.95,-9.75,43.00,-131.00,-27.00,
-5.68,-1.98,-13.62,13.00,-131.00,-35.00,
-8.11,-0.16,-10.84,-39.00,-112.00,10.00,
-11.41,-0.56,-7.99,9.00,-8.00,49.00,
-1.24,-5.04,-4.07,-23.00,131.00,34.00,
1.52,-0.80,-0.97,100.00,106.00,-17.00,
3.28,-3.49,-3.19,108.00,-20.00,-22.00,
3.48,-7.21,-5.50,87.00,-50.00,-63.00,
3.35,-3.47,-10.04,-131.00,69.00,-71.00,
13.42,-3.92,-6.85,101.00,-4.00,-131.00,
20.94,0.45,-3.83,131.00,131.00,-131.00,
