-2.49,0.12,-10.41,0.00,-1.00,0.00,
-2.49,0.14,-10.45,0.00,-1.00,0.00,
-2.54,0.10,-10.35,0.00,-1.00,0.00,
-2.63,0.12,-10.41,0.00,-1.00,0.00,
-2.58,0.10,-10.37,0.00,-1.00,0.00,
-2.51,0.09,-10.40,0.00,-1.00,0.00,
-2.52,0.06,-10.39,0.00,-1.00,0.00,
-2.57,0.14,-10.29,0.00,-1.00,0.00,
-2.54,0.07,-10.35,0.00,-1.00,0.00,
-2.54,0.15,-10.37,0.00,-1.00,0.00,
-2.54,0.15,-10.35,0.00,-1.00,0.00,
-2.51,0.11,-10.38,0.00,-1.00,0.00,
-2.53,0.12,-10.40,0.00,-1.00,0.00,
-2.55,0.10,-10.45,0.00,-1.00,0.00,
-2.52,0.11,-10.37,0.00,-1.00,0.00,
-2.54,0.14,-10.35,0.00,-1.00,0.00,
-2.59,0.10,-10.40,0.00,-1.00,0.00,
-2.60,0.12,-10.40,0.00,-1.00,0.00,
-2.48,0.06,-10.38,0.00,-1.00,0.00,
-2.56,0.10,-10.34,0.00,-1.00,0.00,
-2.52,0.06,-10.36,0.00,-1.00,0.00,
-2.51,0.13,-10.39,0.00,-1.00,0.00,
-2.51,0.09,-10.37,0.00,-1.00,0.00,
-2.54,0.07,-10.27,0.00,-1.00,0.00,
-2.51,0.10,-10.32,0.00,-1.00,0.00,
-2.58,0.16,-10.30,0.00,-1.00,0.00,
-2.54,0.14,-10.36,0.00,-1.00,0.00,
-2.51,0.10,-10.38,0.00,-1.00,0.00,
-2.55,0.07,-10.40,0.00,-1.00,0.00,
-2.53,0.10,-10.37,0.00,-1.00,0.00,
-2.50,0.16,-10.40,0.00,-1.00,0.00,
-2.57,0.11,-10.33,0.00,-1.00,0.00,
-2.55,0.13,-10.45,0.00,-1.00,0.00,
-2.51,0.09,-10.49,0.00,-1.00,0.00,
-2.50,0.14,-10.39,0.00,-1.00,0.00,
-2.57,0.15,-10.36,0.00,-1.00,0.00,
-2.46,0.20,-10.38,0.00,-1.00,0.00,
-2.56,0.11,-10.33,0.00,-1.00,0.00,
-2.50,0.08,-10.34,0.00,-1.00,0.00,
-2.47,0.10,-10.32,0.00,-1.00,0.00,
-2.62,0.11,-10.40,0.00,-1.00,0.00,
-2.60,0.13,-10.37,0.00,-1.00,0.00,
-2.51,0.12,-10.48,0.00,-1.00,0.00,
-2.54,0.15,-10.37,0.00,-1.00,0.00,
-2.57,0.10,-10.32,0.00,-1.00,0.00,
-2.54,0.11,-10.25,0.00,-1.00,0.00,
-2.55,0.12,-10.34,0.00,-1.00,0.00,
-2.53,0.09,-10.38,0.00,-1.00,0.00,
-2.51,0.12,-10.29,0.00,-1.00,0.00,
-2.54,0.16,-10.36,0.00,-1.00,0.00,
-2.55,0.17,-10.39,0.00,-1.00,0.00,
-2.54,0.13,-10.42,0.00,-1.00,0.00,
-2.53,0.15,-10.31,0.00,-1.00,0.00,
-2.52,0.14,-10.39,0.00,-1.00,0.00,
-2.55,0.11,-10.44,0.00,-1.00,0.00,
-2.53,0.07,-10.37,0.00,-1.00,0.00,
-2.59,0.09,-10.41,0.00,-1.00,0.00,
-2.51,0.14,-10.35,0.00,-1.00,0.00,
-2.56,0.11,-10.37,0.00,-1.00,0.00,
-2.55,0.12,-10.41,0.00,-1.00,0.00,
-2.56,0.12,-10.30,0.00,-1.00,0.00,
-2.51,0.20,-10.31,0.00,-1.00,0.00,
-2.53,0.10,-10.36,0.00,-1.00,0.00,
-2.53,0.09,-10.34,0.00,-1.00,0.00,
-2.51,0.15,-10.36,0.00,-1.00,0.00,
-2.52,0.08,-10.38,0.00,-1.00,0.00,
-2.53,0.09,-10.41,0.00,-1.00,0.00,
-2.53,0.12,-10.38,0.00,-1.00,0.00,
-2.57,0.13,-10.31,0.00,-1.00,0.00,
-2.53,0.14,-10.38,0.00,-1.00,0.00,
-2.55,0.13,-10.34,0.00,-1.00,0.00,
-2.52,0.12,-10.39,0.00,-1.00,0.00,
-2.54,0.12,-10.36,0.00,-1.00,0.00,
-2.59,0.12,-10.31,0.00,-1.00,0.00,
-2.52,0.09,-10.37,0.00,-1.00,0.00,
-2.57,0.11,-10.37,0.00,-1.00,0.00,
-2.59,0.17,-10.37,0.00,-1.00,0.00,
-2.57,0.09,-10.27,0.00,-1.00,0.00,
-2.54,0.11,-10.36,0.00,-1.00,0.00,
-2.48,0.18,-10.41,0.00,-1.00,0.00,
-2.55,0.06,-10.47,0.00,-1.00,0.00,
-2.57,0.14,-10.42,0.00,-1.00,0.00,
-2.51,0.15,-10.35,0.00,-1.00,0.00,
-2.57,0.16,-10.32,0.00,-1.00,0.00,
-2.54,0.10,-10.36,0.00,-1.00,0.00,
-2.51,0.18,-10.30,0.00,-1.00,0.00,
-2.54,0.11,-10.44,0.00,-1.00,0.00,
-2.53,0.11,-10.39,0.00,-1.00,0.00,
-2.49,0.14,-10.37,0.00,-1.00,0.00,
-2.57,0.10,-10.40,0.00,-1.00,0.00,
-2.50,0.15,-10.41,0.00,-1.00,0.00,
-2.48,0.13,-10.32,0.00,-1.00,0.00,
-2.55,0.13,-10.40,0.00,-1.00,0.00,
-2.50,0.09,-10.32,0.00,-1.00,0.00,
-2.52,0.10,-10.33,0.00,-1.00,0.00,
-2.56,0.12,-10.40,0.00,-1.00,0.00,
-2.60,0.16,-10.45,0.00,-1.00,0.00,
-2.57,0.17,-10.45,0.00,-1.00,0.00,
-2.53,0.19,-10.32,0.00,-1.00,0.00,
-2.59,0.10,-10.36,0.00,-1.00,0.00,
-2.55,0.06,-10.31,0.00,-1.00,0.00,
-2.57,0.15,-10.36,0.00,-1.00,0.00,
-2.54,0.13,-10.29,0.00,-1.00,0.00,
-2.57,0.16,-10.35,0.00,-1.00,0.00,
-2.58,0.15,-10.37,0.00,-1.00,0.00,
-2.55,0.13,-10.38,0.00,-1.00,0.00,
-2.48,0.13,-10.38,0.00,-1.00,0.00,
-2.52,0.11,-10.39,0.00,-1.00,0.00,
-2.54,0.11,-10.45,0.00,-1.00,0.00,
-2.58,0.12,-10.40,0.00,-1.00,0.00,
-2.58,0.17,-10.31,0.00,-1.00,0.00,
-2.48,0.13,-10.34,0.00,-1.00,0.00,
-2.51,0.12,-10.32,0.00,-1.00,0.00,
-2.53,0.12,-10.29,0.00,-1.00,0.00,
-2.54,0.20,-10.35,0.00,-1.00,0.00,
-2.52,0.11,-10.44,0.00,-1.00,0.00,
-2.54,0.15,-10.33,0.00,-1.00,0.00,
-2.53,0.05,-10.38,0.00,-1.00,0.00,
-2.52,0.13,-10.42,0.00,-1.00,0.00,
-2.54,0.10,-10.36,0.00,-1.00,0.00,
-2.46,0.13,-10.36,0.00,-1.00,0.00,
-2.54,0.15,-10.31,0.00,-1.00,0.00,
-2.54,0.17,-10.34,0.00,-1.00,0.00,
-2.53,0.11,-10.33,0.00,-1.00,0.00,
-2.50,0.08,-10.39,0.00,-1.00,0.00,
-2.56,0.08,-10.41,0.00,-1.00,0.00,
-2.57,0.11,-10.40,0.00,-1.00,0.00,
-2.52,0.13,-10.38,0.00,-1.00,0.00,
-2.53,0.17,-10.43,0.00,-1.00,0.00,
-2.53,0.10,-10.35,0.00,-1.00,0.00,
-2.51,0.14,-10.36,0.00,-1.00,0.00,
-2.54,0.11,-10.37,0.00,-1.00,0.00,
-2.53,0.09,-10.33,0.00,-1.00,0.00,
-2.58,0.17,-10.42,0.00,-1.00,0.00,
-2.56,0.18,-10.49,0.00,-1.00,0.00,
-2.52,0.14,-10.34,0.00,-1.00,0.00,
-2.51,0.11,-10.41,0.00,-1.00,0.00,
-2.49,0.11,-10.32,0.00,-1.00,0.00,
-2.54,0.17,-10.39,0.00,-1.00,0.00,
-2.51,0.11,-10.42,0.00,-1.00,0.00,
-2.58,0.11,-10.37,0.00,-1.00,0.00,
-2.58,0.13,-10.37,0.00,-1.00,0.00,
-2.53,0.17,-10.32,0.00,-1.00,0.00,
-2.57,0.12,-10.30,0.00,-1.00,0.00,
-2.60,0.11,-10.34,0.00,-1.00,0.00,
-2.59,0.16,-10.36,0.00,-1.00,0.00,
-2.60,0.12,-10.35,0.00,-1.00,0.00,
-2.56,0.11,-10.38,0.00,-1.00,0.00,
-2.51,0.17,-10.42,0.00,-1.00,0.00,
-2.55,0.15,-10.30,0.00,-1.00,0.00,
-2.53,0.08,-10.34,0.00,-1.00,0.00,
-2.55,0.12,-10.35,0.00,-1.00,0.00,
-2.56,0.13,-10.32,0.00,-1.00,0.00,
-2.53,0.07,-10.21,0.00,-1.00,0.00,
-2.54,0.15,-10.38,0.00,-1.00,0.00,
-2.55,0.12,-10.38,0.00,-1.00,0.00,
-2.51,0.07,-10.40,0.00,-1.00,0.00,
-2.56,0.15,-10.29,0.00,-1.00,0.00,
-2.49,0.10,-10.30,0.00,-1.00,0.00,
-2.53,0.17,-10.32,0.00,-1.00,0.00,
-2.53,0.17,-10.34,0.00,-1.00,0.00,
-2.51,0.14,-10.39,0.00,-1.00,0.00,
-2.51,0.13,-10.34,0.00,-1.00,0.00,
-2.56,0.16,-10.47,0.00,-1.00,0.00,
-2.52,0.14,-10.32,0.00,-1.00,0.00,
-2.60,0.16,-10.40,0.00,-1.00,0.00,
-2.53,0.12,-10.40,0.00,-1.00,0.00,
-2.54,0.18,-10.32,0.00,-1.00,0.00,
-2.49,0.13,-10.39,0.00,-1.00,0.00,
-2.49,0.12,-10.41,0.00,-1.00,0.00,
-2.51,0.09,-10.39,0.00,-1.00,0.00,
-2.58,0.16,-10.40,0.00,-1.00,0.00,
-2.55,0.14,-10.30,0.00,-1.00,0.00,
-2.50,0.16,-10.34,0.00,-1.00,0.00,
-2.57,0.12,-10.43,0.00,-1.00,0.00,
-2.54,0.13,-10.31,0.00,-1.00,0.00,
-2.58,0.12,-10.31,0.00,-1.00,0.00,
-2.54,0.12,-10.37,0.00,-1.00,0.00,
-2.50,0.06,-10.39,0.00,-1.00,0.00,
-2.51,0.10,-10.32,0.00,-1.00,0.00,
-2.53,0.15,-10.41,0.00,-1.00,0.00,
-2.50,0.15,-10.34,0.00,-1.00,0.00,
-2.53,0.18,-10.39,0.00,-1.00,0.00,
-2.55,0.11,-10.30,0.00,-1.00,0.00,
-2.52,0.09,-10.39,0.00,-1.00,0.00,
-2.52,0.13,-10.33,0.00,-1.00,0.00,
-2.51,0.14,-10.32,0.00,-1.00,0.00,
-2.54,0.14,-10.41,0.00,-1.00,0.00,
-2.57,0.15,-10.47,0.00,-1.00,0.00,
-2.55,0.06,-10.39,0.00,-1.00,0.00,
-2.51,0.09,-10.34,0.00,-1.00,0.00,
-2.56,0.09,-10.41,0.00,-1.00,0.00,
-2.50,0.12,-10.39,0.00,-1.00,0.00,
-2.45,0.08,-10.49,0.00,-1.00,0.00,
-2.56,0.12,-10.39,0.00,-1.00,0.00,
-2.57,0.16,-10.40,0.00,-1.00,0.00,
-2.56,0.13,-10.35,0.00,-1.00,0.00,
-2.54,0.17,-10.32,0.00,-1.00,0.00,
-2.52,0.09,-10.31,0.00,-1.00,0.00,
-2.53,0.10,-10.36,0.00,-1.00,0.00,
-2.60,0.11,-10.42,0.00,0.00,0.00,
-2.55,0.16,-10.40,0.00,-1.00,0.00,
-2.50,0.12,-10.34,0.00,-1.00,0.00,
-2.57,0.10,-10.37,0.00,-1.00,0.00,
-2.56,0.12,-10.31,0.00,-1.00,0.00,
-2.49,0.08,-10.33,0.00,-1.00,0.00,
-2.56,0.18,-10.37,0.00,-1.00,0.00,
-2.51,0.12,-10.37,0.00,-1.00,0.00,
-2.51,0.08,-10.33,0.00,-1.00,0.00,
-2.59,0.11,-10.50,0.00,-1.00,0.00,
-2.56,0.09,-10.33,0.00,-1.00,0.00,
-2.57,0.17,-10.34,0.00,-1.00,0.00,
-2.51,0.08,-10.37,0.00,-1.00,0.00,
-2.54,0.15,-10.46,0.00,-1.00,0.00,
-2.60,0.11,-10.43,0.00,-1.00,0.00,
-2.54,0.18,-10.39,0.00,-1.00,0.00,
-2.50,0.11,-10.38,0.00,-1.00,0.00,
-2.56,0.11,-10.31,0.00,-1.00,0.00,
-2.56,0.15,-10.38,0.00,-1.00,0.00,
-2.53,0.12,-10.38,0.00,-1.00,0.00,
-2.59,0.16,-10.44,0.00,-1.00,0.00,
-2.54,0.09,-10.38,0.00,-1.00,0.00,
-2.60,0.11,-10.36,0.00,-1.00,0.00,
-2.51,0.05,-10.30,0.00,-1.00,0.00,
-2.50,0.21,-10.39,0.00,-1.00,0.00,
-2.52,0.09,-10.33,0.00,-1.00,0.00,
-2.55,0.12,-10.36,0.00,-1.00,0.00,
-2.51,0.13,-10.38,0.00,-1.00,0.00,
-2.51,0.11,-10.48,0.00,-1.00,0.00,
-2.53,0.13,-10.48,0.00,-1.00,0.00,
-2.53,0.08,-10.31,0.00,-1.00,0.00,
-2.56,0.10,-10.35,0.00,-1.00,0.00,
-2.53,0.08,-10.34,0.00,-1.00,0.00,
-2.59,0.15,-10.34,0.00,-1.00,0.00,
-2.59,0.09,-10.39,0.00,-1.00,0.00,
-2.49,0.14,-10.34,0.00,-1.00,0.00,
-2.48,0.12,-10.39,0.00,-1.00,0.00,
-2.49,0.12,-10.42,0.00,-1.00,0.00,
-2.57,0.10,-10.41,0.00,-1.00,0.00,
-2.51,0.13,-10.40,0.00,0.00,0.00,
-2.54,0.12,-10.38,0.00,-1.00,0.00,
-2.62,0.13,-10.38,0.00,-1.00,0.00,
-2.53,0.12,-10.38,0.00,-1.00,0.00,
-2.54,0.16,-10.36,0.00,-1.00,0.00,
-2.52,0.10,-10.32,0.00,-1.00,0.00,
-2.56,0.12,-10.29,0.00,-1.00,0.00,
-2.56,0.09,-10.27,0.00,-1.00,0.00,
-2.57,0.12,-10.33,0.00,-1.00,0.00,
-2.64,0.16,-10.40,0.00,-1.00,0.00,
-2.51,0.10,-10.33,0.00,-1.00,0.00,
-2.58,0.12,-10.40,0.00,-1.00,0.00,
-2.51,0.14,-10.38,0.00,-1.00,0.00,
-2.54,0.11,-10.42,0.00,-1.00,0.00,
-2.51,0.08,-10.40,0.00,-1.00,0.00,
-2.54,0.15,-10.40,0.00,-1.00,0.00,
-2.53,0.14,-10.38,0.00,-1.00,0.00,
-2.57,0.12,-10.46,0.00,-1.00,0.00,
-2.60,0.11,-10.41,0.00,-1.00,0.00,
-2.47,0.12,-10.36,0.00,-1.00,0.00,
-2.54,0.11,-10.31,0.00,-1.00,0.00,
-2.55,0.15,-10.39,0.00,-1.00,0.00,
-2.51,0.18,-10.34,0.00,-1.00,0.00,
-2.59,0.09,-10.34,0.00,-1.00,0.00,
-2.51,0.10,-10.30,0.00,-1.00,0.00,
-2.56,0.10,-10.32,0.00,-1.00,0.00,
-2.55,0.12,-10.41,0.00,-1.00,0.00,
-2.59,0.12,-10.32,0.00,-1.00,0.00,
-2.59,0.11,-10.38,0.00,-1.00,0.00,
-2.59,0.09,-10.46,0.00,-1.00,0.00,
-2.54,0.13,-10.33,0.00,-1.00,0.00,
-2.53,0.15,-10.39,0.00,-1.00,0.00,
-2.59,0.12,-10.36,0.00,-1.00,0.00,
-2.54,0.10,-10.39,0.00,-1.00,0.00,
-2.58,0.14,-10.43,0.00,-1.00,0.00,
-2.57,0.11,-10.39,0.00,-1.00,0.00,
-2.55,0.14,-10.42,0.00,-1.00,0.00,
-2.49,0.13,-10.34,0.00,-1.00,0.00,
-2.57,0.14,-10.33,0.00,-1.00,0.00,
-2.53,0.11,-10.39,0.00,-1.00,0.00,
-2.54,0.14,-10.33,0.00,-1.00,0.00,
-2.55,0.16,-10.45,0.00,-1.00,0.00,
-2.57,0.09,-10.36,0.00,-1.00,0.00,
-2.52,0.16,-10.30,0.00,-1.00,0.00,
-2.54,0.09,-10.38,0.00,-1.00,0.00,
-2.51,0.10,-10.43,0.00,-1.00,0.00,
-2.56,0.08,-10.41,0.00,-1.00,0.00,
-2.52,0.13,-10.32,0.00,-1.00,0.00,
-2.57,0.13,-10.35,0.00,-1.00,0.00,
-2.59,0.10,-10.40,0.00,-1.00,0.00,
-2.57,0.17,-10.35,0.00,-1.00,0.00,
-2.54,0.13,-10.32,0.00,-1.00,0.00,
-2.52,0.08,-10.35,0.00,-1.00,0.00,
-2.53,0.08,-10.36,0.00,-1.00,0.00,
-2.55,0.12,-10.29,0.00,-1.00,0.00,
-2.53,0.11,-10.36,0.00,-1.00,0.00,
-2.52,0.13,-10.35,0.00,-1.00,0.00,
-2.57,0.10,-10.30,0.00,-1.00,0.00,
-2.57,0.15,-10.35,0.00,-1.00,0.00,
-2.54,0.14,-10.44,0.00,-1.00,0.00,
-2.56,0.12,-10.43,0.00,-1.00,0.00,
-2.57,0.13,-10.32,0.00,-1.00,0.00,
-2.57,0.11,-10.43,0.00,-1.00,0.00,
-2.50,0.10,-10.40,0.00,-1.00,0.00,
-2.50,0.13,-10.41,0.00,-1.00,0.00,
-2.55,0.12,-10.43,0.00,-1.00,0.00,
-2.54,0.14,-10.47,0.00,-1.00,0.00,
-2.52,0.09,-10.40,0.00,-1.00,0.00,
-2.55,0.12,-10.36,0.00,-1.00,0.00,
-2.49,0.14,-10.35,0.00,-1.00,0.00,
-2.53,0.10,-10.34,0.00,-1.00,0.00,
-2.55,0.16,-10.38,0.00,-1.00,0.00,
-2.58,0.07,-10.38,0.00,-1.00,0.00,
-2.56,0.10,-10.39,0.00,-1.00,0.00,
-2.55,0.11,-10.41,0.00,-1.00,0.00,
-2.57,0.13,-10.44,0.00,-1.00,0.00,
-2.50,0.11,-10.30,0.00,-1.00,0.00,
-2.54,0.09,-10.38,0.00,-1.00,0.00,
-2.55,0.09,-10.40,0.00,-1.00,0.00,
-2.50,0.13,-10.36,0.00,-1.00,0.00,
-2.52,0.14,-10.33,0.00,-1.00,0.00,
-2.52,0.14,-10.38,0.00,0.00,0.00,
-2.53,0.09,-10.40,0.00,-1.00,0.00,
-2.53,0.11,-10.34,0.00,-1.00,0.00,
-2.57,0.12,-10.35,0.00,-1.00,0.00,
-2.56,0.11,-10.36,0.00,-1.00,0.00,
-2.56,0.14,-10.46,0.00,-1.00,0.00,
-2.55,0.16,-10.35,0.00,-1.00,0.00,
-2.53,0.17,-10.39,0.00,-1.00,0.00,
-2.48,0.08,-10.38,0.00,-1.00,0.00,
-2.56,0.07,-10.30,0.00,-1.00,0.00,
-2.57,0.15,-10.38,0.00,-1.00,0.00,
-2.51,0.14,-10.45,0.00,-1.00,0.00,
-2.59,0.12,-10.27,0.00,-1.00,0.00,
-2.50,0.11,-10.49,0.00,-1.00,0.00,
-2.53,0.11,-10.35,0.00,-1.00,0.00,
-2.57,0.11,-10.39,0.00,-1.00,0.00,
-2.50,0.12,-10.36,0.00,-1.00,0.00,
-2.50,0.21,-10.36,0.00,-1.00,0.00,
-2.53,0.12,-10.49,0.00,-1.00,0.00,
-2.56,0.07,-10.35,0.00,-1.00,0.00,
-2.52,0.15,-10.42,0.00,-1.00,0.00,
-2.58,0.20,-10.36,0.00,-1.00,0.00,
-2.52,0.16,-10.43,0.00,-1.00,0.00,
-2.54,0.10,-10.43,0.00,-1.00,0.00,
-2.56,0.12,-10.39,0.00,-1.00,0.00,
-2.55,0.13,-10.40,0.00,-1.00,0.00,
-2.45,0.12,-10.37,0.00,-1.00,0.00,
-2.54,0.14,-10.38,0.00,-1.00,0.00,
-2.52,0.15,-10.41,0.00,-1.00,0.00,
-2.54,0.17,-10.38,0.00,-1.00,0.00,
-2.53,0.14,-10.42,0.00,-1.00,0.00,
-2.52,0.12,-10.35,0.00,-1.00,0.00,
-2.62,0.06,-10.34,0.00,-1.00,0.00,
-2.48,0.10,-10.36,0.00,-1.00,0.00,
-2.52,0.14,-10.41,0.00,-1.00,0.00,
-2.52,0.11,-10.39,0.00,-1.00,0.00,
-2.54,0.14,-10.34,0.00,-1.00,0.00,
-2.55,0.07,-10.39,0.00,-1.00,0.00,
-2.56,0.13,-10.34,0.00,-1.00,0.00,
-2.53,0.16,-10.37,0.00,-1.00,0.00,
-2.49,0.10,-10.36,0.00,-1.00,0.00,
-2.49,0.13,-10.43,0.00,-1.00,0.00,
-2.50,0.13,-10.27,0.00,-1.00,0.00,
-2.55,0.12,-10.32,0.00,-1.00,0.00,
-2.50,0.10,-10.42,0.00,-1.00,0.00,
-2.55,0.14,-10.29,0.00,-1.00,0.00,
-2.52,0.15,-10.38,0.00,-1.00,0.00,
-2.51,0.08,-10.38,0.00,-1.00,0.00,
-2.58,0.11,-10.41,0.00,-1.00,0.00,
-2.50,0.11,-10.44,0.00,-1.00,0.00,
-2.54,0.07,-10.38,0.00,-1.00,0.00,
-2.57,0.14,-10.35,0.00,-1.00,0.00,
-2.57,0.15,-10.43,0.00,-1.00,0.00,
-2.50,0.11,-10.31,0.00,-1.00,0.00,
-2.53,0.10,-10.39,0.00,-1.00,0.00,
-2.61,0.11,-10.42,0.00,-1.00,0.00,
-2.50,0.07,-10.45,0.00,-1.00,0.00,
-2.57,0.13,-10.39,0.00,-1.00,0.00,
-2.57,0.14,-10.38,0.00,-1.00,0.00,
-2.57,0.12,-10.35,0.00,-1.00,0.00,
-2.58,0.12,-10.40,0.00,-1.00,0.00,
-2.53,0.08,-10.33,0.00,-1.00,0.00,
-2.54,0.09,-10.32,0.00,-1.00,0.00,
-2.57,0.14,-10.37,0.00,-1.00,0.00,
-2.50,0.11,-10.33,0.00,-1.00,0.00,
-2.51,0.15,-10.38,0.00,-1.00,0.00,
-2.53,0.11,-10.32,0.00,-1.00,0.00,
-2.58,0.10,-10.35,0.00,-1.00,0.00,
-2.52,0.11,-10.39,0.00,-1.00,0.00,
-2.53,0.10,-10.34,0.00,-1.00,0.00,
-2.57,0.11,-10.41,0.00,-1.00,0.00,
-2.51,0.14,-10.34,0.00,-1.00,0.00,
-2.52,0.10,-10.44,0.00,-1.00,0.00,
-2.52,0.18,-10.38,0.00,-1.00,0.00,
-2.56,0.13,-10.36,0.00,-1.00,0.00,
-2.57,0.07,-10.38,0.00,-1.00,0.00,
-2.55,0.15,-10.42,0.00,-1.00,0.00,
-2.54,0.16,-10.41,0.00,-1.00,0.00,
-2.58,0.10,-10.39,0.00,-1.00,0.00,
-2.58,0.13,-10.41,0.00,-1.00,0.00,
-2.51,0.11,-10.43,0.00,-1.00,0.00,
-2.54,0.17,-10.36,0.00,-1.00,0.00,
-2.50,0.16,-10.24,0.00,-1.00,0.00,
-2.54,0.15,-10.29,0.00,-1.00,0.00,
-2.57,0.12,-10.33,0.00,-1.00,0.00,
-2.49,0.15,-10.43,0.00,-1.00,0.00,
-2.52,0.10,-10.40,0.00,-1.00,0.00,
-2.57,0.09,-10.41,0.00,-1.00,0.00,
-2.53,0.15,-10.36,0.00,-1.00,0.00,
-2.55,0.11,-10.33,0.00,-1.00,0.00,
-2.57,0.10,-10.28,0.00,-1.00,0.00,
-2.55,0.13,-10.40,0.00,-1.00,0.00,
-2.53,0.07,-10.32,0.00,-1.00,0.00,
-2.59,0.10,-10.32,0.00,-1.00,0.00,
-2.57,0.10,-10.33,0.00,-1.00,0.00,
-2.52,0.13,-10.32,0.00,-1.00,0.00,
-2.46,0.11,-10.37,0.00,-1.00,0.00,
-2.58,0.07,-10.38,0.00,-1.00,0.00,
-2.50,0.12,-10.33,0.00,-1.00,0.00,
-2.51,0.17,-10.35,0.00,-1.00,0.00,
-2.57,0.09,-10.34,0.00,-1.00,0.00,
-2.51,0.15,-10.33,0.00,-1.00,0.00,
-2.48,0.14,-10.32,0.00,-1.00,0.00,
-2.51,0.09,-10.33,0.00,-1.00,0.00,
-2.55,0.12,-10.35,0.00,-1.00,0.00,
-2.51,0.12,-10.42,0.00,-1.00,0.00,
-2.54,0.15,-10.35,0.00,-1.00,0.00,
-2.59,0.15,-10.34,0.00,-1.00,0.00,
-2.53,0.10,-10.38,0.00,-1.00,0.00,
-2.58,0.11,-10.44,0.00,-1.00,0.00,
-2.54,0.14,-10.25,0.00,-1.00,0.00,
-2.52,0.18,-10.30,0.00,-1.00,0.00,
-2.51,0.09,-10.36,0.00,-1.00,0.00,
-2.56,0.17,-10.37,0.00,-1.00,0.00,
-2.53,0.23,-10.34,0.00,-1.00,0.00,
-2.59,0.09,-10.32,0.00,-1.00,0.00,
-2.49,0.11,-10.32,0.00,-1.00,0.00,
-2.51,0.10,-10.41,0.00,-1.00,0.00,
-2.48,0.13,-10.38,0.00,-1.00,0.00,
-2.55,0.12,-10.49,0.00,-1.00,0.00,
-2.55,0.11,-10.42,0.00,-1.00,0.00,
-2.54,0.11,-10.40,0.00,-1.00,0.00,
-2.65,0.09,-10.42,0.00,-1.00,0.00,
-2.57,0.12,-10.32,0.00,-1.00,0.00,
-2.54,0.12,-10.30,0.00,-1.00,0.00,
-2.53,0.11,-10.34,0.00,-1.00,0.00,
-2.55,0.10,-10.44,0.00,-1.00,0.00,
-2.54,0.12,-10.46,0.00,-1.00,0.00,
-2.56,0.12,-10.44,0.00,-1.00,0.00,
-2.51,0.11,-10.29,0.00,-1.00,0.00,
-2.50,0.15,-10.34,0.00,-1.00,0.00,
-2.52,0.07,-10.34,0.00,-1.00,0.00,
-2.55,0.13,-10.35,0.00,-1.00,0.00,
-2.51,0.07,-10.42,0.00,-1.00,0.00,
-2.53,0.15,-10.36,0.00,-1.00,0.00,
-2.47,0.15,-10.41,0.00,-1.00,0.00,
-2.54,0.09,-10.38,0.00,-1.00,0.00,
-2.52,0.15,-10.46,0.00,-1.00,0.00,
-2.62,0.16,-10.44,0.00,-1.00,0.00,
-2.59,0.11,-10.35,0.00,-1.00,0.00,
-2.56,0.08,-10.41,0.00,-1.00,0.00,
-2.55,0.17,-10.37,0.00,-1.00,0.00,
-2.57,0.16,-10.37,0.00,-1.00,0.00,
-2.57,0.15,-10.43,0.00,-1.00,0.00,
-2.57,0.11,-10.37,0.00,-1.00,0.00,
-2.49,0.12,-10.43,0.00,-1.00,0.00,
-2.55,0.08,-10.41,0.00,-1.00,0.00,
-2.52,0.17,-10.31,0.00,-1.00,0.00,
-2.54,0.07,-10.36,0.00,-1.00,0.00,
-2.49,0.14,-10.48,0.00,-1.00,0.00,
-2.52,0.15,-10.37,0.00,-1.00,0.00,
-2.58,0.11,-10.35,0.00,-1.00,0.00,
-2.56,0.08,-10.38,0.00,-1.00,0.00,
-2.54,0.12,-10.42,0.00,-1.00,0.00,
-2.56,0.09,-10.38,0.00,-1.00,0.00,
-2.54,0.10,-10.36,0.00,-1.00,0.00,
-2.52,0.11,-10.41,0.00,-1.00,0.00,
-2.56,0.10,-10.34,0.00,-1.00,0.00,
-2.50,0.14,-10.38,0.00,-1.00,0.00,
-2.54,0.11,-10.35,0.00,-1.00,0.00,
-2.54,0.09,-10.42,0.00,-1.00,0.00,
-2.57,0.10,-10.35,0.00,-1.00,0.00,
-2.55,0.10,-10.41,0.00,-1.00,0.00,
-2.54,0.19,-10.40,0.00,-1.00,0.00,
-2.49,0.15,-10.42,0.00,-1.00,0.00,
-2.47,0.15,-10.37,0.00,-1.00,0.00,
-2.53,0.08,-10.34,0.00,-1.00,0.00,
-2.51,0.07,-10.35,0.00,-1.00,0.00,
-2.53,0.10,-10.38,0.00,-1.00,0.00,
-2.59,0.15,-10.45,0.00,-1.00,0.00,
-2.50,0.16,-10.38,0.00,-1.00,0.00,
-2.52,0.16,-10.44,0.00,-1.00,0.00,
-2.55,0.14,-10.37,0.00,-1.00,0.00,
-2.51,0.12,-10.40,0.00,-1.00,0.00,
-2.51,0.14,-10.47,0.00,-1.00,0.00,
-2.64,0.13,-10.40,0.00,-1.00,0.00,
-2.53,0.13,-10.38,0.00,-1.00,0.00,
-2.62,0.12,-10.41,0.00,-1.00,0.00,
-2.56,0.09,-10.39,0.00,-1.00,0.00,
-2.53,0.13,-10.29,0.00,-1.00,0.00,
-2.56,0.13,-10.34,0.00,-1.00,0.00,
-2.55,0.20,-10.37,0.00,-1.00,0.00,
-2.49,0.13,-10.33,0.00,-1.00,0.00,
-2.54,0.14,-10.40,0.00,-1.00,0.00,
-2.55,0.11,-10.36,0.00,-1.00,0.00,
-2.49,0.16,-10.39,0.00,-1.00,0.00,
-2.51,0.17,-10.36,0.00,-1.00,0.00,
-2.55,0.18,-10.38,0.00,-1.00,0.00,
-2.57,0.13,-10.30,0.00,-1.00,0.00,
-2.52,0.19,-10.37,0.00,-1.00,0.00,
-2.53,0.15,-10.40,0.00,-1.00,0.00,
-2.57,0.16,-10.36,0.00,-1.00,0.00,
-2.50,0.15,-10.46,0.00,-1.00,0.00,
-2.54,0.14,-10.43,0.00,-1.00,0.00,
-2.57,0.10,-10.31,0.00,-1.00,0.00,
-2.59,0.14,-10.34,0.00,-1.00,0.00,
-2.59,0.15,-10.39,0.00,-1.00,0.00,
-2.54,0.11,-10.43,0.00,-1.00,0.00,
-2.51,0.14,-10.38,0.00,0.00,0.00,
-2.52,0.14,-10.40,0.00,-1.00,0.00,
-2.55,0.10,-10.44,0.00,-1.00,0.00,
-2.53,0.13,-10.34,0.00,-1.00,0.00,
-2.55,0.14,-10.35,0.00,-1.00,0.00,
-2.51,0.16,-10.44,0.00,-1.00,0.00,
-2.47,0.13,-10.37,0.00,-1.00,0.00,
-2.48,0.16,-10.38,0.00,-1.00,0.00,
-2.48,0.13,-10.31,0.00,-1.00,0.00,
-2.52,0.15,-10.45,0.00,-1.00,0.00,
-2.55,0.12,-10.32,0.00,-1.00,0.00,
-2.58,0.15,-10.37,0.00,-1.00,0.00,
-2.55,0.14,-10.33,0.00,-1.00,0.00,
-2.51,0.12,-10.39,0.00,-1.00,0.00,
-2.49,0.09,-10.39,0.00,-1.00,0.00,
-2.53,0.12,-10.47,0.00,-1.00,0.00,
-2.52,0.10,-10.47,0.00,-1.00,0.00,
-2.55,0.11,-10.38,0.00,-1.00,0.00,
-2.55,0.12,-10.33,0.00,-1.00,0.00,
-2.51,0.13,-10.32,0.00,-1.00,0.00,
-2.50,0.14,-10.44,0.00,-1.00,0.00,
-2.56,0.16,-10.37,0.00,-1.00,0.00,
-2.51,0.14,-10.40,0.00,-1.00,0.00,
-2.52,0.12,-10.38,0.00,-1.00,0.00,
-2.55,0.20,-10.39,0.00,-1.00,0.00,
-2.61,0.10,-10.34,0.00,-1.00,0.00,
-2.56,0.12,-10.34,0.00,-1.00,0.00,
-2.51,0.09,-10.36,0.00,-1.00,0.00,
-2.48,0.16,-10.31,0.00,-1.00,0.00,
-2.57,0.16,-10.33,0.00,-1.00,0.00,
-2.57,0.14,-10.38,0.00,-1.00,0.00,
-2.52,0.11,-10.32,0.00,-1.00,0.00,
-2.58,0.11,-10.43,0.00,-1.00,0.00,
-2.46,0.13,-10.35,0.00,-1.00,0.00,
-2.50,0.10,-10.32,0.00,-1.00,0.00,
-2.52,0.16,-10.36,0.00,-1.00,0.00,
-2.55,0.15,-10.42,0.00,-1.00,0.00,
-2.55,0.13,-10.41,0.00,-1.00,0.00,
-2.57,0.11,-10.35,0.00,-1.00,0.00,
-2.59,0.11,-10.31,0.00,-1.00,0.00,
-2.59,0.13,-10.38,0.00,-1.00,0.00,
-2.47,0.08,-10.43,0.00,-1.00,0.00,
-2.50,0.08,-10.41,0.00,-1.00,0.00,
-2.51,0.13,-10.47,0.00,-1.00,0.00,
-2.53,0.15,-10.39,0.00,-1.00,0.00,
-2.52,0.08,-10.37,0.00,-1.00,0.00,
-2.55,0.16,-10.41,0.00,-1.00,0.00,
-2.49,0.11,-10.43,0.00,-1.00,0.00,
-2.56,0.11,-10.38,0.00,-1.00,0.00,
-2.51,0.08,-10.39,0.00,-1.00,0.00,
-2.54,0.11,-10.43,0.00,-1.00,0.00,
-2.52,0.15,-10.38,0.00,-1.00,0.00,
-2.51,0.09,-10.38,0.00,-1.00,0.00,
-2.54,0.12,-10.46,0.00,-1.00,0.00,
-2.53,0.08,-10.43,0.00,-1.00,0.00,
-2.52,0.15,-10.36,0.00,-1.00,0.00,
-2.53,0.11,-10.44,0.00,-1.00,0.00,
-2.58,0.11,-10.39,0.00,-1.00,0.00,
-2.49,0.12,-10.31,0.00,-1.00,0.00,
-2.51,0.15,-10.44,0.00,-1.00,0.00,
-2.59,0.14,-10.35,0.00,-1.00,0.00,
-2.42,0.16,-10.32,0.00,-1.00,0.00,
-2.53,0.11,-10.36,0.00,-1.00,0.00,
-2.51,0.12,-10.33,0.00,-1.00,0.00,
-2.55,0.17,-10.44,0.00,-1.00,0.00,
-2.42,0.07,-10.30,0.00,-1.00,0.00,
-2.51,0.14,-10.32,0.00,-1.00,0.00,
-2.55,0.14,-10.30,0.00,-1.00,0.00,
-2.49,0.13,-10.32,0.00,-1.00,0.00,
-2.58,0.18,-10.36,0.00,-1.00,0.00,
-2.56,0.10,-10.36,0.00,-1.00,0.00,
-2.53,0.09,-10.42,0.00,-1.00,0.00,
-2.48,0.14,-10.36,0.00,-1.00,0.00,
-2.46,0.14,-10.40,0.00,-1.00,0.00,
-2.53,0.13,-10.42,0.00,-1.00,0.00,
-2.54,0.11,-10.33,0.00,-1.00,0.00,
-2.56,0.14,-10.37,0.00,-1.00,0.00,
-2.51,0.12,-10.35,0.00,-1.00,0.00,
-2.55,0.16,-10.38,0.00,-1.00,0.00,
-2.59,0.13,-10.38,0.00,-1.00,0.00,
-2.51,0.12,-10.39,0.00,-1.00,0.00,
-2.53,0.16,-10.37,0.00,-1.00,0.00,
-2.57,0.10,-10.38,0.00,-1.00,0.00,
-2.54,0.01,-10.35,0.00,-1.00,0.00,
-2.63,0.09,-10.34,0.00,-1.00,0.00,
-2.46,0.10,-10.39,0.00,-1.00,0.00,
-2.54,0.15,-10.38,0.00,-1.00,0.00,
-2.54,0.12,-10.38,0.00,-1.00,0.00,
-2.51,0.11,-10.47,0.00,-1.00,0.00,
-2.52,0.12,-10.37,0.00,-1.00,0.00,
-2.51,0.14,-10.39,0.00,-1.00,0.00,
-2.50,0.11,-10.43,0.00,-1.00,0.00,
-2.51,0.11,-10.41,0.00,-1.00,0.00,
-2.55,0.08,-10.41,0.00,-1.00,0.00,
-2.55,0.05,-10.35,0.00,-1.00,0.00,
-2.54,0.11,-10.32,0.00,-1.00,0.00,
-2.54,0.14,-10.42,0.00,-1.00,0.00,
-2.55,0.15,-10.32,0.00,-1.00,0.00,
-2.49,0.12,-10.36,0.00,-1.00,0.00,
-2.51,0.14,-10.38,0.00,-1.00,0.00,
-2.61,0.10,-10.35,0.00,-1.00,0.00,
-2.50,0.12,-10.34,0.00,-1.00,0.00,
-2.56,0.08,-10.37,0.00,-1.00,0.00,
-2.56,0.11,-10.42,0.00,-1.00,0.00,
-2.49,0.17,-10.34,0.00,-1.00,0.00,
-2.58,0.15,-10.30,0.00,-1.00,0.00,
-2.60,0.12,-10.41,0.00,-1.00,0.00,
-2.55,0.14,-10.46,0.00,-1.00,0.00,
-2.58,0.16,-10.33,0.00,-1.00,0.00,
-2.54,0.13,-10.40,0.00,-1.00,0.00,
-2.58,0.12,-10.34,0.00,-1.00,0.00,
-2.54,0.17,-10.35,0.00,-1.00,0.00,
-2.51,0.08,-10.34,0.00,-1.00,0.00,
-2.54,0.14,-10.34,0.00,-1.00,0.00,
-2.48,0.15,-10.35,0.00,-1.00,0.00,
-2.56,0.13,-10.38,0.00,-1.00,0.00,
-2.54,0.14,-10.31,0.00,-1.00,0.00,
-2.55,0.11,-10.42,0.00,-1.00,0.00,
-2.54,0.07,-10.36,0.00,-1.00,0.00,
-2.52,0.14,-10.41,0.00,-1.00,0.00,
-2.51,0.06,-10.40,0.00,-1.00,0.00,
-2.53,0.12,-10.39,0.00,-1.00,0.00,
-2.50,0.08,-10.32,0.00,-1.00,0.00,
-2.51,0.12,-10.34,0.00,-1.00,0.00,
-2.47,0.10,-10.33,0.00,-1.00,0.00,
-2.53,0.11,-10.39,0.00,-1.00,0.00,
-2.51,0.14,-10.43,0.00,-1.00,0.00,
-2.53,0.11,-10.42,0.00,-1.00,0.00,
-2.54,0.16,-10.35,0.00,-1.00,0.00,
-2.57,0.08,-10.30,0.00,-1.00,0.00,
-2.55,0.08,-10.38,0.00,-1.00,0.00,
-2.54,0.17,-10.38,0.00,-1.00,0.00,
-2.52,0.14,-10.39,0.00,-1.00,0.00,
-2.50,0.06,-10.39,0.00,-1.00,0.00,
-2.59,0.07,-10.33,0.00,-1.00,0.00,
-2.53,0.11,-10.38,0.00,-1.00,0.00,
-2.56,0.11,-10.37,0.00,-1.00,0.00,
-2.53,0.10,-10.39,0.00,-1.00,0.00,
-2.54,0.11,-10.36,0.00,-1.00,0.00,
-2.56,0.06,-10.38,0.00,-1.00,0.00,
-2.56,0.12,-10.43,0.00,-1.00,0.00,
-2.52,0.15,-10.33,0.00,-1.00,0.00,
-2.57,0.15,-10.40,0.00,-1.00,0.00,
-2.55,0.12,-10.45,0.00,-1.00,0.00,
-2.55,0.13,-10.38,0.00,-1.00,0.00,
-2.54,0.14,-10.31,0.00,-1.00,0.00,
-2.57,0.12,-10.40,0.00,-1.00,0.00,
-2.52,0.11,-10.35,0.00,-1.00,0.00,
-2.50,0.11,-10.44,0.00,-1.00,0.00,
-2.53,0.16,-10.37,0.00,-1.00,0.00,
-2.51,0.11,-10.32,0.00,-1.00,0.00,
-2.56,0.13,-10.34,0.00,-1.00,0.00,
-2.56,0.12,-10.49,0.00,-1.00,0.00,
-2.49,0.15,-10.38,0.00,-1.00,0.00,
-2.51,0.14,-10.39,0.00,-1.00,0.00,
-2.51,0.10,-10.38,0.00,-1.00,0.00,
-2.56,0.09,-10.36,0.00,-1.00,0.00,
-2.57,0.05,-10.39,0.00,-1.00,0.00,
-2.55,0.17,-10.37,0.00,-1.00,0.00,
-2.54,0.08,-10.38,0.00,-1.00,0.00,
-2.58,0.15,-10.42,0.00,-1.00,0.00,
-2.52,0.13,-10.38,0.00,-1.00,0.00,
-2.55,0.12,-10.38,0.00,-1.00,0.00,
-2.56,0.12,-10.40,0.00,-1.00,0.00,
-2.51,0.11,-10.37,0.00,-1.00,0.00,
-2.56,0.13,-10.38,0.00,-1.00,0.00,
-2.54,0.06,-10.43,0.00,-1.00,0.00,
-2.46,0.10,-10.34,0.00,-1.00,0.00,
-2.57,0.14,-10.28,0.00,-1.00,0.00,
-2.59,0.15,-10.37,0.00,-1.00,0.00,
-2.51,0.10,-10.26,0.00,-1.00,0.00,
-2.57,0.10,-10.38,0.00,-1.00,0.00,
-2.61,0.19,-10.42,0.00,-1.00,0.00,
-2.52,0.13,-10.38,0.00,-1.00,0.00,
-2.51,0.11,-10.39,0.00,-1.00,0.00,
-2.51,0.12,-10.32,0.00,-1.00,0.00,
-2.52,0.13,-10.32,0.00,-1.00,0.00,
-2.57,0.16,-10.34,0.00,-1.00,0.00,
-2.60,0.17,-10.41,0.00,-1.00,0.00,
-2.53,0.07,-10.36,0.00,-1.00,0.00,
-2.51,0.15,-10.34,0.00,-1.00,0.00,
-2.56,0.10,-10.41,0.00,-1.00,0.00,
-2.50,0.13,-10.38,0.00,-1.00,0.00,
-2.56,0.14,-10.40,0.00,-1.00,0.00,
-2.55,0.13,-10.32,0.00,-1.00,0.00,
-2.50,0.11,-10.44,0.00,-1.00,0.00,
-2.57,0.07,-10.37,0.00,-1.00,0.00,
-2.52,0.11,-10.44,0.00,-1.00,0.00,
-2.51,0.13,-10.42,0.00,-1.00,0.00,
-2.53,0.10,-10.32,0.00,-1.00,0.00,
-2.55,0.11,-10.46,0.00,-1.00,0.00,
-2.55,0.09,-10.40,0.00,-1.00,0.00,
-2.53,0.14,-10.31,0.00,-1.00,0.00,
-2.53,0.19,-10.40,0.00,-1.00,0.00,
-2.55,0.12,-10.32,0.00,-1.00,0.00,
-2.50,0.12,-10.40,0.00,-1.00,0.00,
-2.53,0.15,-10.38,0.00,-1.00,0.00,
-2.55,0.13,-10.32,0.00,-1.00,0.00,
-2.54,0.06,-10.32,0.00,-1.00,0.00,
-2.57,0.14,-10.43,0.00,-1.00,0.00,
-2.59,0.11,-10.44,0.00,-1.00,0.00,
-2.51,0.10,-10.29,0.00,-1.00,0.00,
-2.53,0.20,-10.37,0.00,-1.00,0.00,
-2.50,0.14,-10.40,0.00,-1.00,0.00,
-2.49,0.11,-10.40,0.00,-1.00,0.00,
-2.51,0.11,-10.34,0.00,-1.00,0.00,
-2.53,0.14,-10.38,0.00,-1.00,0.00,
-2.52,0.12,-10.36,0.00,-1.00,0.00,
-2.50,0.14,-10.39,0.00,-1.00,0.00,
-2.52,0.11,-10.39,0.00,-1.00,0.00,
-2.55,0.13,-10.37,0.00,-1.00,0.00,
-2.56,0.17,-10.43,0.00,-1.00,0.00,
-2.55,0.13,-10.38,0.00,-1.00,0.00,
-2.53,0.12,-10.39,0.00,-1.00,0.00,
-2.57,0.14,-10.41,0.00,-1.00,0.00,
-2.55,0.11,-10.35,0.00,-1.00,0.00,
-2.48,0.11,-10.38,0.00,-1.00,0.00,
-2.50,0.11,-10.40,0.00,-1.00,0.00,
-2.55,0.13,-10.35,0.00,-1.00,0.00,
-2.58,0.14,-10.37,0.00,-1.00,0.00,
-2.50,0.12,-10.36,0.00,-1.00,0.00,
-2.53,0.12,-10.38,0.00,-1.00,0.00,
-2.51,0.13,-10.37,0.00,-1.00,0.00,
-2.56,0.16,-10.42,0.00,-1.00,0.00,
-2.55,0.15,-10.38,0.00,-1.00,0.00,
-2.53,0.13,-10.33,0.00,-1.00,0.00,
-2.57,0.19,-10.36,0.00,-1.00,0.00,
-2.49,0.17,-10.34,0.00,-1.00,0.00,
-2.51,0.12,-10.38,0.00,-1.00,0.00,
-2.61,0.11,-10.34,0.00,-1.00,0.00,
-2.56,0.11,-10.34,0.00,-1.00,0.00,
-2.52,0.12,-10.34,0.00,-1.00,0.00,
-2.54,0.12,-10.41,0.00,-1.00,0.00,
-2.56,0.10,-10.39,0.00,-1.00,0.00,
-2.49,0.18,-10.33,0.00,-1.00,0.00,
-2.48,0.10,-10.39,0.00,-1.00,0.00,
-2.55,0.14,-10.36,0.00,-1.00,0.00,
-2.52,0.08,-10.38,0.00,-1.00,0.00,
-2.60,0.14,-10.32,0.00,-1.00,0.00,
-2.54,0.11,-10.38,0.00,-1.00,0.00,
-2.53,0.16,-10.44,0.00,-1.00,0.00,
-2.50,0.15,-10.41,0.00,-1.00,0.00,
-2.50,0.16,-10.36,0.00,-1.00,0.00,
-2.54,0.10,-10.45,0.00,-1.00,0.00,
-2.55,0.11,-10.41,0.00,-1.00,0.00,
-2.52,0.13,-10.36,0.00,-1.00,0.00,
-2.56,0.12,-10.37,0.00,-1.00,0.00,
-2.57,0.09,-10.38,0.00,-1.00,0.00,
-2.51,0.05,-10.35,0.00,-1.00,0.00,
-2.51,0.13,-10.36,0.00,-1.00,0.00,
-2.55,0.12,-10.39,0.00,-1.00,0.00,
-2.55,0.16,-10.37,0.00,-1.00,0.00,
-2.51,0.12,-10.38,0.00,-1.00,0.00,
-2.52,0.13,-10.43,0.00,-1.00,0.00,
-2.53,0.16,-10.35,0.00,-1.00,0.00,
-2.48,0.16,-10.43,0.00,-1.00,0.00,
-2.57,0.07,-10.34,0.00,-1.00,0.00,
-2.52,0.16,-10.44,0.00,-1.00,0.00,
-2.59,0.12,-10.37,0.00,-1.00,0.00,
-2.57,0.14,-10.40,0.00,-1.00,0.00,
-2.56,0.03,-10.38,0.00,-1.00,0.00,
-2.49,0.15,-10.44,0.00,-1.00,0.00,
-2.55,0.13,-10.38,0.00,-1.00,0.00,
-2.52,0.19,-10.32,0.00,-1.00,0.00,
-2.54,0.11,-10.37,0.00,-1.00,0.00,
-2.57,0.13,-10.33,0.00,-1.00,0.00,
-2.54,0.12,-10.37,0.00,-1.00,0.00,
-2.57,0.13,-10.34,0.00,-1.00,0.00,
-2.51,0.09,-10.33,0.00,-1.00,0.00,
-2.48,0.14,-10.31,0.00,-1.00,0.00,
-2.48,0.15,-10.41,0.00,-1.00,0.00,
-2.57,0.11,-10.41,0.00,-1.00,0.00,
-2.52,0.14,-10.39,0.00,-1.00,0.00,
-2.53,0.10,-10.30,0.00,-1.00,0.00,
-2.50,0.12,-10.38,0.00,-1.00,0.00,
-2.47,0.15,-10.35,0.00,-1.00,0.00,
-2.54,0.17,-10.36,0.00,-1.00,0.00,
-2.59,0.16,-10.34,0.00,-1.00,0.00,
-2.54,0.08,-10.39,0.00,-1.00,0.00,
-2.54,0.13,-10.35,0.00,-1.00,0.00,
-2.54,0.13,-10.47,0.00,-1.00,0.00,
-2.52,0.12,-10.31,0.00,-1.00,0.00,
-2.56,0.13,-10.37,0.00,-1.00,0.00,
-2.52,0.12,-10.38,0.00,-1.00,0.00,
-2.52,0.12,-10.39,0.00,-1.00,0.00,
-2.53,0.12,-10.33,0.00,-1.00,0.00,
-2.53,0.14,-10.37,0.00,-1.00,0.00,
-2.56,0.10,-10.37,0.00,-1.00,0.00,
-2.53,0.15,-10.43,0.00,-1.00,0.00,
-2.55,0.09,-10.33,0.00,-1.00,0.00,
-2.52,0.13,-10.37,0.00,-1.00,0.00,
-2.51,0.22,-10.42,0.00,-1.00,0.00,
-2.49,0.10,-10.41,0.00,-1.00,0.00,
-2.53,0.13,-10.33,0.00,-1.00,0.00,
-2.58,0.13,-10.41,0.00,-1.00,0.00,
-2.56,0.16,-10.39,0.00,-1.00,0.00,
-2.54,0.12,-10.44,0.00,-1.00,0.00,
-2.56,0.12,-10.43,0.00,-1.00,0.00,
-2.57,0.16,-10.32,0.00,-1.00,0.00,
-2.53,0.11,-10.38,0.00,-1.00,0.00,
-2.61,0.13,-10.32,0.00,-1.00,0.00,
-2.58,0.10,-10.31,0.00,-1.00,0.00,
-2.59,0.13,-10.42,0.00,-1.00,0.00,
-2.54,0.11,-10.37,0.00,-1.00,0.00,
-2.61,0.11,-10.38,0.00,-1.00,0.00,
-2.57,0.20,-10.55,0.00,-1.00,0.00,
-2.59,0.08,-10.37,0.00,-1.00,0.00,
-2.56,0.12,-10.49,0.00,0.00,0.00,
