9.57,0.94,-5.46,-3.00,-1.00,1.00,
9.62,0.96,-5.40,-1.00,0.00,1.00,
9.56,0.94,-5.49,-2.00,-1.00,0.00,
9.48,0.84,-5.38,-1.00,-1.00,0.00,
9.57,0.80,-5.32,-1.00,0.00,1.00,
9.48,0.83,-5.38,-2.00,0.00,1.00,
9.58,0.95,-5.47,-2.00,0.00,1.00,
9.59,0.98,-5.42,-2.00,0.00,1.00,
9.54,0.95,-5.48,-2.00,0.00,0.00,
9.58,0.88,-5.43,-2.00,0.00,0.00,
9.64,0.88,-5.46,-2.00,0.00,0.00,
9.49,0.95,-5.36,-2.00,0.00,1.00,
9.58,1.00,-5.49,-2.00,0.00,1.00,
9.60,0.98,-5.37,-2.00,0.00,1.00,
9.52,1.01,-5.42,-2.00,0.00,0.00,
9.60,0.92,-5.40,-2.00,0.00,0.00,
9.52,0.87,-5.32,-2.00,0.00,1.00,
9.54,0.94,-5.43,-2.00,0.00,1.00,
9.56,0.90,-5.52,-2.00,0.00,1.00,
9.56,0.98,-5.48,-2.00,0.00,1.00,
9.56,0.92,-5.38,-3.00,0.00,0.00,
9.60,0.88,-5.38,-2.00,0.00,1.00,
9.61,0.93,-5.49,-3.00,0.00,1.00,
9.60,1.03,-5.46,-3.00,0.00,0.00,
9.54,0.92,-5.25,-2.00,0.00,0.00,
9.60,0.92,-5.38,-2.00,1.00,0.00,
9.59,0.84,-5.58,-2.00,0.00,1.00,
9.55,0.89,-5.47,-3.00,0.00,1.00,
9.61,0.94,-5.32,-3.00,0.00,1.00,
9.58,0.98,-5.43,-2.00,0.00,0.00,
9.58,0.96,-5.37,-3.00,0.00,0.00,
9.53,0.82,-5.38,-2.00,0.00,1.00,
10.55,2.72,-6.02,-13.00,-5.00,-19.00,
12.08,5.90,-6.73,12.00,-24.00,-69.00,
10.21,8.52,-7.92,-41.00,-17.00,-125.00,
6.51,7.64,-6.53,-15.00,-26.00,-131.00,
1.14,3.80,-6.27,19.00,-30.00,-121.00,
-2.19,4.47,-5.43,-31.00,-22.00,-42.00,
-4.67,4.69,-8.44,23.00,35.00,-48.00,
-5.39,5.23,-10.00,40.00,107.00,-40.00,
-1.68,2.65,-10.18,54.00,127.00,3.00,
1.91,-4.95,-10.36,48.00,31.00,24.00,
0.46,-0.15,-8.46,-32.00,-131.00,-7.00,
-4.86,2.83,-5.54,-64.00,-131.00,-5.00,
-7.54,3.78,-7.09,-53.00,-54.00,-4.00,
-7.85,3.75,-8.83,-63.00,46.00,15.00,
-5.22,5.12,-10.28,-7.00,121.00,20.00,
-0.33,4.26,-13.01,-5.00,115.00,23.00,
1.39,6.04,-12.00,20.00,61.00,34.00,
0.93,4.61,-9.84,39.00,-37.00,24.00,
-0.18,0.60,-8.32,-8.00,-113.00,-12.00,
-3.71,3.49,-6.63,-43.00,-126.00,-3.00,
-6.87,4.80,-8.28,11.00,-21.00,9.00,
-5.79,5.73,-8.09,-7.00,24.00,4.00,
-6.19,5.30,-11.61,-31.00,87.00,5.00,
-2.12,6.06,-12.10,-7.00,126.00,8.00,
2.45,5.45,-12.46,17.00,86.00,19.00,
1.26,4.09,-9.59,43.00,9.00,31.00,
2.35,1.88,-9.58,17.00,-83.00,6.00,
-1.71,1.57,-8.42,-23.00,-119.00,0.00,
-5.24,5.33,-7.60,-13.00,-95.00,9.00,
-7.36,2.56,-9.54,10.00,-20.00,0.00,
-6.35,5.21,-8.70,15.00,61.00,-1.00,
-3.16,4.64,-13.13,1.00,116.00,-8.00,
-0.06,5.13,-12.89,-7.00,94.00,7.00,
3.03,5.65,-12.48,32.00,58.00,32.00,
2.87,3.35,-10.46,29.00,21.00,26.00,
3.58,1.06,-9.46,22.00,-69.00,16.00,
0.42,-0.29,-7.94,-18.00,-116.00,-3.00,
-3.20,3.02,-6.50,-43.00,-123.00,6.00,
-6.67,1.30,-7.45,-22.00,-67.00,8.00,
-8.04,6.18,-8.79,7.00,3.00,-6.00,
-5.80,5.35,-11.37,12.00,75.00,-9.00,
-3.17,4.53,-13.48,-16.00,115.00,0.00,
-0.41,3.68,-12.26,7.00,75.00,14.00,
0.94,2.42,-10.13,39.00,12.00,31.00,
1.69,-0.31,-9.73,36.00,-88.00,22.00,
-2.51,-0.58,-8.24,-57.00,-128.00,0.00,
-6.02,3.91,-7.67,-32.00,-95.00,-1.00,
-7.47,3.18,-6.75,14.00,-26.00,-4.00,
-7.26,1.77,-7.70,-10.00,34.00,16.00,
-6.44,3.38,-10.80,-41.00,112.00,14.00,
-1.62,4.13,-13.77,-32.00,101.00,4.00,
0.88,4.21,-13.67,28.00,71.00,21.00,
0.40,4.19,-9.87,39.00,-7.00,20.00,
0.23,1.80,-8.49,2.00,-115.00,-4.00,
-2.87,2.19,-6.96,-22.00,-131.00,-3.00,
-6.29,2.93,-5.32,-51.00,-55.00,1.00,
-8.43,4.87,-8.37,16.00,15.00,-8.00,
-7.16,3.22,-10.55,-10.00,66.00,7.00,
-4.87,4.70,-12.39,-7.00,100.00,12.00,
-2.55,4.68,-13.16,10.00,71.00,20.00,
-0.99,3.20,-10.24,21.00,44.00,24.00,
1.16,3.45,-10.10,26.00,-42.00,0.00,
-2.10,1.17,-7.27,-27.00,-127.00,-6.00,
-5.26,1.50,-6.25,-36.00,-95.00,-6.00,
-7.93,4.62,-6.36,-13.00,-10.00,-4.00,
-7.29,4.85,-8.94,-12.00,54.00,12.00,
-6.00,6.03,-10.99,-17.00,98.00,19.00,
-2.33,6.47,-11.98,14.00,90.00,20.00,
-1.63,7.78,-10.90,45.00,37.00,24.00,
1.59,5.57,-10.21,42.00,52.00,19.00,
2.19,2.20,-9.28,27.00,-63.00,7.00,
-1.36,0.23,-7.42,-33.00,-131.00,-4.00,
-4.88,3.70,-6.34,-30.00,-116.00,10.00,
-7.51,4.13,-7.28,-18.00,-6.00,7.00,
-6.65,6.12,-10.20,-30.00,72.00,10.00,
-4.02,4.56,-11.96,1.00,93.00,14.00,
-1.87,5.49,-12.41,29.00,77.00,31.00,
0.31,2.26,-10.06,31.00,40.00,21.00,
1.81,4.29,-9.13,27.00,-96.00,5.00,
-2.48,1.40,-7.56,-30.00,-131.00,-8.00,
-4.97,2.59,-4.33,-46.00,-119.00,6.00,
-8.19,5.12,-3.99,-7.00,-20.00,0.00,
-8.52,5.11,-10.29,-4.00,63.00,11.00,
-7.07,6.46,-9.30,-13.00,85.00,16.00,
-2.55,7.24,-11.24,-7.00,111.00,17.00,
-1.50,6.39,-10.42,51.00,62.00,25.00,
1.07,2.39,-9.47,49.00,-20.00,23.00,
1.32,2.45,-8.93,15.00,-100.00,0.00,
-3.20,1.85,-5.94,-52.00,-131.00,-2.00,
-6.69,2.48,-5.53,-45.00,-86.00,11.00,
-7.36,4.65,-5.77,-12.00,0.00,1.00,
-8.36,4.82,-8.26,-12.00,52.00,17.00,
-6.76,6.49,-9.45,5.00,68.00,24.00,
-4.91,6.91,-12.20,17.00,71.00,24.00,
-2.62,8.68,-8.64,35.00,89.00,21.00,
1.59,5.47,-8.84,52.00,58.00,23.00,
1.02,1.03,-9.24,38.00,-118.00,15.00,
-3.83,2.58,-5.80,-28.00,-131.00,2.00,
-5.39,2.11,-5.82,-29.00,-73.00,4.00,
-7.46,5.45,-6.49,-57.00,34.00,7.00,
-7.86,4.52,-10.85,-23.00,52.00,11.00,
-5.67,6.06,-8.92,-11.00,46.00,23.00,
-5.55,6.29,-13.78,12.00,76.00,19.00,
-2.50,4.48,-10.01,-3.00,117.00,21.00,
1.47,4.86,-11.21,42.00,6.00,16.00,
0.94,3.58,-8.40,14.00,-92.00,0.00,
-2.97,4.04,-5.68,-11.00,-131.00,-11.00,
-5.18,1.13,-5.30,-24.00,-80.00,3.00,
-8.34,4.41,-7.37,-51.00,6.00,4.00,
-8.00,4.58,-10.15,-23.00,59.00,9.00,
-5.42,6.75,-10.19,-38.00,87.00,30.00,
-4.12,5.45,-12.78,-15.00,84.00,32.00,
-0.46,7.41,-10.23,19.00,68.00,17.00,
0.98,2.53,-10.01,40.00,-46.00,-3.00,
-2.61,1.37,-6.15,-16.00,-131.00,-10.00,
-5.85,1.78,-6.00,-36.00,-104.00,2.00,
-7.92,5.54,-7.04,-25.00,4.00,-6.00,
-6.80,5.57,-7.69,-30.00,55.00,16.00,
-6.79,4.86,-11.12,-29.00,86.00,19.00,
-4.03,6.52,-10.55,-3.00,107.00,29.00,
0.03,7.24,-10.60,26.00,56.00,22.00,
-1.89,3.83,-8.49,48.00,-41.00,19.00,
-1.47,1.74,-7.19,-15.00,-119.00,-6.00,
-5.79,3.89,-7.86,-45.00,-113.00,-13.00,
-7.14,5.30,-5.77,5.00,9.00,0.00,
-6.65,4.44,-9.51,-12.00,54.00,14.00,
-5.49,6.90,-10.94,10.00,107.00,23.00,
-0.69,7.64,-12.77,3.00,73.00,14.00,
-1.12,5.01,-9.80,51.00,55.00,12.00,
0.17,2.13,-9.21,27.00,-57.00,-1.00,
-1.65,0.81,-7.04,-56.00,-131.00,-6.00,
-7.29,4.32,-5.15,-69.00,-112.00,14.00,
-6.72,5.55,-4.34,-37.00,25.00,7.00,
-7.21,3.42,-9.51,4.00,59.00,0.00,
-3.59,4.50,-11.66,-14.00,109.00,23.00,
-0.73,6.20,-13.03,9.00,88.00,22.00,
0.14,7.60,-11.14,62.00,39.00,37.00,
1.94,6.29,-9.48,27.00,46.00,8.00,
2.05,1.90,-7.32,20.00,-118.00,4.00,
-4.14,3.28,-4.40,-51.00,-131.00,-9.00,
-8.20,3.55,-7.87,-47.00,-73.00,0.00,
-8.26,5.15,-7.44,-27.00,14.00,11.00,
-6.56,4.97,-8.74,-14.00,75.00,18.00,
-3.44,7.34,-10.55,-24.00,100.00,20.00,
-1.79,5.88,-13.71,7.00,46.00,18.00,
-2.40,5.31,-9.30,58.00,46.00,26.00,
1.70,3.74,-9.67,50.00,-27.00,14.00,
-1.93,-0.15,-6.81,-20.00,-131.00,-2.00,
-5.31,2.57,-5.04,-44.00,-127.00,3.00,
-6.64,4.34,-4.93,-55.00,-50.00,12.00,
-8.61,5.60,-8.52,-36.00,56.00,20.00,
-6.56,6.22,-9.77,-2.00,108.00,15.00,
-2.16,6.13,-13.41,-17.00,126.00,16.00,
-0.46,8.09,-11.53,26.00,54.00,30.00,
1.47,3.91,-9.44,46.00,-1.00,19.00,
0.64,0.43,-8.31,12.00,-119.00,3.00,
-3.87,1.95,-6.90,-55.00,-116.00,-16.00,
-6.39,3.43,-4.20,-51.00,-96.00,-2.00,
-8.39,4.02,-6.52,26.00,18.00,3.00,
-8.31,5.22,-9.81,5.00,46.00,-1.00,
-6.30,4.61,-9.83,15.00,72.00,8.00,
-4.62,5.35,-13.51,12.00,119.00,21.00,
-1.29,4.61,-10.28,42.00,89.00,10.00,
1.54,1.77,-9.79,43.00,-28.00,22.00,
-1.15,0.37,-7.36,-3.00,-131.00,5.00,
-5.64,0.83,-6.76,-12.00,-131.00,21.00,
-7.22,2.94,-5.69,-30.00,8.00,19.00,
-7.17,4.09,-9.31,-12.00,53.00,9.00,
-6.13,4.40,-11.25,-28.00,114.00,12.00,
-0.48,6.70,-12.56,-9.00,131.00,5.00,
-1.18,6.84,-10.43,51.00,-23.00,38.00,
1.08,3.54,-10.28,51.00,-55.00,10.00,
-1.46,1.21,-7.40,3.00,-131.00,0.00,
-5.95,1.48,-5.77,-14.00,-125.00,8.00,
-7.47,4.22,-5.80,-20.00,-25.00,15.00,
-8.24,0.78,-8.59,-20.00,22.00,0.00,
-7.79,3.63,-9.81,2.00,68.00,13.00,
-5.53,5.35,-12.12,-18.00,95.00,18.00,
-0.88,5.40,-10.72,18.00,111.00,15.00,
1.48,5.51,-10.56,44.00,10.00,6.00,
-0.72,-0.63,-7.68,39.00,-131.00,3.00,
-3.98,1.24,-5.74,-20.00,-131.00,3.00,
-6.69,1.89,-5.11,-25.00,-60.00,28.00,
-7.50,2.85,-7.06,-41.00,32.00,25.00,
-7.48,5.07,-9.97,-52.00,66.00,21.00,
-4.35,6.93,-12.69,-55.00,112.00,27.00,
-0.08,10.14,-10.30,68.00,120.00,38.00,
-0.04,4.78,-8.16,37.00,11.00,16.00,
0.96,1.82,-8.78,51.00,-102.00,16.00,
-3.29,0.13,-5.89,0.00,-131.00,2.00,
-6.11,1.43,-5.39,-31.00,-76.00,11.00,
-7.32,1.93,-9.22,-52.00,-11.00,25.00,
-7.19,5.60,-10.13,-30.00,44.00,33.00,
-5.08,6.71,-11.13,-8.00,114.00,39.00,
-2.78,8.42,-10.04,10.00,109.00,14.00,
1.01,5.29,-10.52,40.00,24.00,0.00,
1.38,3.24,-9.66,37.00,-60.00,-3.00,
-1.92,0.48,-6.90,-17.00,-131.00,-3.00,
-5.65,1.25,-6.39,-16.00,-87.00,9.00,
-6.84,5.12,-7.49,-10.00,-8.00,14.00,
-8.49,4.24,-9.59,10.00,32.00,2.00,
-6.25,3.86,-13.26,-36.00,82.00,21.00,
-2.02,7.62,-12.72,5.00,100.00,13.00,
-0.04,5.03,-9.44,48.00,117.00,7.00,
3.42,1.69,-9.70,30.00,-66.00,17.00,
-1.61,2.05,-7.62,-48.00,-131.00,-14.00,
-5.48,2.05,-5.42,-45.00,-121.00,-6.00,
-8.40,3.78,-5.98,11.00,-48.00,-7.00,
-7.11,5.60,-4.52,12.00,3.00,3.00,
-9.45,4.03,-10.74,-34.00,76.00,36.00,
-5.29,7.82,-11.89,-9.00,131.00,25.00,
-2.80,7.91,-7.69,59.00,112.00,21.00,
0.84,5.56,-9.88,49.00,1.00,11.00,
-0.18,0.71,-7.96,22.00,-131.00,-2.00,
-5.18,3.30,-4.59,-15.00,-131.00,0.00,
-7.62,3.92,-5.23,-15.00,-51.00,7.00,
-8.12,3.67,-8.46,-9.00,52.00,11.00,
-6.85,5.09,-11.23,-46.00,103.00,26.00,
-3.71,6.78,-10.59,2.00,104.00,16.00,
-0.11,7.11,-12.37,43.00,57.00,32.00,
0.15,5.12,-9.55,57.00,-8.00,12.00,
-0.76,1.06,-8.05,12.00,-115.00,-7.00,
-4.65,2.85,-6.28,-4.00,-131.00,-1.00,
-8.10,3.00,-5.90,-24.00,-33.00,16.00,
-7.68,4.98,-7.54,-43.00,53.00,12.00,
-6.85,5.33,-10.22,-7.00,84.00,12.00,
-2.88,6.94,-11.48,-8.00,131.00,22.00,
-1.32,8.90,-9.68,51.00,36.00,20.00,
0.40,4.02,-10.15,59.00,-40.00,2.00,
-1.05,1.41,-8.07,5.00,-120.00,-4.00,
-5.72,3.20,-4.68,-14.00,-127.00,9.00,
-7.07,5.01,-4.19,-40.00,-70.00,31.00,
-9.45,4.76,-6.81,-17.00,32.00,-5.00,
-8.91,4.10,-8.39,0.00,65.00,-2.00,
-7.44,3.88,-11.98,-9.00,96.00,9.00,
-2.84,5.74,-13.44,3.00,109.00,24.00,
-2.30,5.59,-8.28,26.00,89.00,15.00,
0.96,1.90,-10.08,42.00,-61.00,13.00,
-2.75,0.93,-6.65,-11.00,-131.00,2.00,
-6.46,1.80,-5.13,-23.00,-111.00,20.00,
-7.58,4.50,-5.23,-21.00,-22.00,18.00,
-8.13,4.17,-7.82,-23.00,48.00,16.00,
-7.52,5.93,-10.27,-14.00,111.00,15.00,
-2.96,7.78,-13.35,26.00,105.00,8.00,
-2.18,6.31,-7.96,56.00,95.00,10.00,
1.37,1.36,-9.34,36.00,-80.00,0.00,
-3.39,1.06,-5.64,-24.00,-131.00,2.00,
-6.58,1.81,-4.14,-27.00,-117.00,17.00,
-8.35,4.19,-6.04,5.00,-1.00,12.00,
-8.01,3.59,-8.41,-2.00,74.00,1.00,
-8.53,2.53,-14.32,-14.00,98.00,5.00,
-2.34,6.56,-13.59,-1.00,131.00,21.00,
-1.80,6.79,-7.64,61.00,83.00,33.00,
2.51,2.35,-9.17,38.00,-44.00,18.00,
-1.42,-0.51,-6.38,-21.00,-131.00,5.00,
-6.07,1.65,-5.16,-27.00,-122.00,20.00,
-7.13,5.09,-7.45,-15.00,-26.00,10.00,
-7.85,2.57,-8.21,-19.00,24.00,8.00,
-7.84,3.98,-12.39,-6.00,69.00,11.00,
-3.98,7.80,-12.36,16.00,98.00,16.00,
-1.69,6.77,-9.43,61.00,90.00,29.00,
2.31,2.40,-10.09,24.00,-25.00,5.00,
-1.65,0.47,-6.34,-7.00,-131.00,0.00,
-6.78,2.26,-5.74,-7.00,-120.00,6.00,
-7.38,4.58,-6.29,-49.00,0.00,22.00,
-6.61,4.58,-8.83,-27.00,32.00,7.00,
-5.15,4.31,-11.10,-26.00,94.00,20.00,
-1.58,6.49,-12.71,7.00,131.00,25.00,
-2.23,6.88,-9.64,25.00,6.00,-2.00,
-0.69,2.90,-9.45,29.00,-91.00,-1.00,
-3.55,1.36,-5.51,-5.00,-131.00,-9.00,
-5.95,2.88,-3.24,-19.00,-120.00,12.00,
-8.68,3.79,-3.18,-8.00,-37.00,24.00,
-10.17,4.08,-7.03,-31.00,82.00,14.00,
-9.34,5.65,-10.92,-21.00,123.00,14.00,
-4.37,6.16,-11.74,4.00,131.00,17.00,
-0.30,4.89,-9.64,40.00,105.00,24.00,
5.43,3.58,-10.02,26.00,-45.00,5.00,
-1.57,0.92,-6.63,10.00,-131.00,14.00,
-6.01,1.96,-2.15,-57.00,-131.00,6.00,
-9.87,3.96,-7.61,-7.00,-26.00,8.00,
-9.66,2.67,-8.05,-1.00,73.00,21.00,
-6.59,6.60,-10.66,-59.00,131.00,36.00,
-1.11,6.17,-11.70,4.00,96.00,16.00,
-1.94,8.12,-8.60,60.00,47.00,16.00,
3.10,1.63,-9.76,49.00,-33.00,7.00,
-1.56,0.41,-6.38,-13.00,-131.00,-5.00,
-5.80,0.99,-3.92,-30.00,-131.00,16.00,
-8.53,2.95,-6.96,-17.00,-32.00,25.00,
-8.49,4.07,-8.31,-5.00,49.00,2.00,
-6.74,5.51,-9.19,-35.00,131.00,20.00,
-1.37,5.13,-12.07,6.00,131.00,21.00,
1.27,7.62,-12.03,46.00,40.00,27.00,
1.23,3.54,-9.24,53.00,-45.00,15.00,
-0.54,1.15,-6.88,-8.00,-131.00,-7.00,
-5.06,2.68,-5.40,-29.00,-131.00,10.00,
-8.84,5.42,-5.43,-37.00,-29.00,20.00,
-8.74,4.77,-7.89,-30.00,40.00,9.00,
-7.76,4.49,-9.69,-18.00,83.00,14.00,
-3.85,4.97,-13.86,2.00,104.00,16.00,
-1.45,6.90,-10.51,47.00,83.00,27.00,
1.25,3.21,-10.15,32.00,-25.00,7.00,
-1.92,0.43,-5.85,14.00,-131.00,9.00,
-5.83,2.17,-4.56,-47.00,-131.00,13.00,
-7.23,4.16,-6.41,-49.00,-39.00,17.00,
-7.93,4.91,-8.24,-33.00,54.00,10.00,
-6.64,6.24,-9.35,-45.00,110.00,18.00,
-2.63,9.11,-10.05,13.00,131.00,23.00,
-1.97,6.64,-9.49,66.00,54.00,34.00,
1.58,1.66,-10.03,51.00,-57.00,22.00,
-1.71,0.64,-6.93,-27.00,-131.00,0.00,
-6.47,3.26,-5.26,-28.00,-120.00,9.00,
-8.95,3.12,-6.09,-18.00,-34.00,16.00,
-7.46,4.17,-5.24,-18.00,31.00,26.00,
-7.70,6.18,-8.52,-29.00,79.00,22.00,
-4.95,6.81,-11.31,2.00,113.00,14.00,
0.50,6.27,-13.02,42.00,92.00,23.00,
-0.25,5.02,-8.63,64.00,36.00,25.00,
1.19,-0.24,-7.88,24.00,-123.00,6.00,
-4.16,2.74,-5.07,-31.00,-131.00,6.00,
-8.85,4.58,-5.62,-26.00,-68.00,22.00,
-9.63,5.90,-7.60,-8.00,28.00,13.00,
-9.58,5.74,-9.53,-19.00,99.00,16.00,
-4.20,6.70,-11.54,37.00,131.00,13.00,
-0.64,5.08,-10.46,35.00,75.00,8.00,
1.80,3.14,-10.34,35.00,-22.00,14.00,
-1.10,-0.20,-6.57,-14.00,-131.00,0.00,
-5.40,2.35,-3.90,-56.00,-131.00,25.00,
-7.95,5.53,-6.83,-11.00,-15.00,14.00,
-7.76,2.74,-8.37,0.00,43.00,2.00,
-6.92,3.79,-12.43,-10.00,117.00,11.00,
-2.86,7.20,-12.57,34.00,131.00,20.00,
-0.09,5.20,-10.33,55.00,72.00,33.00,
1.97,3.53,-9.12,36.00,-54.00,12.00,
-2.04,0.31,-5.81,-4.00,-131.00,1.00,
-5.61,1.22,-4.06,-64.00,-110.00,22.00,
-6.95,6.61,-7.72,-65.00,28.00,15.00,
-6.75,5.25,-9.90,-71.00,43.00,23.00,
-3.06,4.47,-12.58,-45.00,88.00,30.00,
-1.80,8.35,-11.52,63.00,71.00,25.00,
1.52,6.11,-10.62,58.00,50.00,11.00,
0.01,0.61,-7.99,34.00,-119.00,3.00,
-3.92,0.33,-4.52,-20.00,-131.00,11.00,
-8.84,0.41,-4.90,2.00,-72.00,26.00,
-8.15,6.40,-7.92,-24.00,71.00,12.00,
-9.50,1.80,-13.87,-10.00,109.00,2.00,
-0.72,7.10,-10.43,23.00,131.00,15.00,
-1.43,8.06,-9.40,35.00,30.00,14.00,
0.62,2.01,-9.88,25.00,-66.00,-8.00,
-2.20,0.48,-5.91,-11.00,-131.00,-3.00,
-7.28,2.94,-5.41,-16.00,-105.00,24.00,
-7.45,6.33,-6.62,-14.00,43.00,18.00,
-6.90,4.65,-11.52,-34.00,57.00,16.00,
-5.73,7.96,-14.10,29.00,72.00,10.00,
-2.72,10.74,-7.11,49.00,95.00,12.00,
1.19,2.64,-10.44,31.00,-18.00,5.00,
-1.38,1.15,-7.31,0.00,-131.00,0.00,
-6.17,2.15,-4.47,0.00,-131.00,11.00,
-7.90,5.07,-3.54,-34.00,-40.00,28.00,
-8.77,5.38,-8.13,-30.00,76.00,9.00,
-6.84,5.36,-13.05,-17.00,109.00,14.00,
-3.06,6.28,-13.37,15.00,119.00,24.00,
-3.25,5.53,-7.86,79.00,42.00,25.00,
0.02,1.65,-8.55,12.00,-117.00,-4.00,
-4.76,1.57,-6.79,-28.00,-131.00,-7.00,
-7.48,0.33,-5.00,-42.00,-69.00,27.00,
-7.40,7.05,-7.05,-33.00,74.00,16.00,
-6.69,5.71,-10.11,-48.00,82.00,13.00,
-3.65,6.47,-14.60,-20.00,94.00,19.00,
-1.02,7.78,-12.80,49.00,59.00,31.00,
0.53,4.85,-9.02,61.00,10.00,12.00,
1.86,-1.22,-8.39,23.00,-104.00,1.00,
-3.21,0.92,-5.82,-45.00,-131.00,14.00,
-10.62,2.63,-5.42,-19.00,-45.00,28.00,
-7.13,7.34,-6.69,-55.00,64.00,15.00,
-7.38,5.31,-10.39,-35.00,86.00,20.00,
-4.94,6.51,-13.25,31.00,117.00,17.00,
-2.46,6.50,-7.99,67.00,117.00,24.00,
3.86,1.35,-10.07,33.00,-11.00,15.00,
-0.53,0.02,-6.81,-10.00,-131.00,2.00,
-5.19,1.67,-5.50,-34.00,-131.00,16.00,
-9.35,5.33,-6.76,-25.00,-27.00,20.00,
-7.04,6.41,-7.39,-23.00,51.00,21.00,
-7.39,5.85,-11.46,-13.00,129.00,23.00,
-0.50,6.05,-12.07,29.00,131.00,41.00,
1.95,8.78,-10.62,46.00,48.00,10.00,
1.71,1.94,-9.01,44.00,-52.00,-1.00,
-1.03,0.13,-7.12,6.00,-117.00,-6.00,
-4.51,-0.51,-7.47,-43.00,-131.00,23.00,
-8.39,4.39,-5.00,-57.00,-12.00,28.00,
-8.38,7.24,-8.57,-56.00,54.00,28.00,
-7.18,6.89,-11.54,-21.00,104.00,16.00,
-3.39,7.34,-10.96,37.00,123.00,39.00,
-0.35,5.07,-9.80,55.00,95.00,34.00,
5.47,2.71,-10.89,34.00,-82.00,1.00,
-1.57,0.34,-6.12,-12.00,-131.00,1.00,
-5.36,1.83,-6.31,-29.00,-122.00,11.00,
-7.74,4.33,-4.28,-32.00,-11.00,24.00,
-7.50,6.14,-8.58,-24.00,71.00,25.00,
-6.85,6.33,-11.61,-12.00,87.00,34.00,
-2.57,9.35,-11.86,40.00,126.00,34.00,
3.31,7.16,-11.31,58.00,76.00,28.00,
2.38,2.40,-9.49,29.00,-66.00,7.00,
-1.50,-0.60,-6.78,-17.00,-131.00,-8.00,
-5.87,4.02,-5.29,-44.00,-131.00,17.00,
-7.08,4.10,-4.08,-62.00,-14.00,30.00,
-6.73,6.07,-8.87,-51.00,52.00,12.00,
-5.97,5.95,-10.76,-20.00,92.00,25.00,
-1.35,6.84,-11.58,14.00,108.00,42.00,
-0.47,6.32,-8.86,66.00,68.00,31.00,
2.08,3.01,-10.13,42.00,-64.00,11.00,
-1.33,0.93,-8.35,5.00,-131.00,-3.00,
-5.16,2.77,-4.77,-37.00,-130.00,2.00,
-6.60,3.74,-5.17,-47.00,3.00,11.00,
-5.82,5.60,-10.16,-23.00,72.00,11.00,
-3.22,7.99,-11.35,-12.00,78.00,19.00,
-1.74,9.09,-13.85,74.00,38.00,35.00,
0.95,4.62,-11.17,78.00,42.00,11.00,
-0.03,0.82,-8.18,25.00,-97.00,-3.00,
-3.57,1.61,-4.66,-21.00,-131.00,2.00,
-7.04,2.55,-5.26,-48.00,-94.00,27.00,
-9.17,4.48,-8.34,-1.00,47.00,19.00,
-8.16,4.91,-12.64,-33.00,115.00,9.00,
-4.76,5.22,-13.37,3.00,116.00,17.00,
-1.64,3.85,-10.81,27.00,131.00,28.00,
4.08,2.74,-9.51,51.00,-33.00,41.00,
-0.31,0.10,-7.14,-5.00,-131.00,7.00,
-5.39,3.26,-3.76,-57.00,-131.00,4.00,
-5.98,4.14,-7.39,-30.00,-18.00,4.00,
-8.96,1.99,-8.58,-14.00,16.00,8.00,
-6.69,5.00,-13.27,-23.00,111.00,12.00,
-2.49,7.01,-12.45,-20.00,126.00,27.00,
1.01,5.48,-10.98,60.00,90.00,37.00,
2.82,3.43,-9.48,45.00,-70.00,18.00,
-0.35,0.19,-7.73,6.00,-131.00,-6.00,
-4.65,0.97,-5.41,-37.00,-104.00,14.00,
-6.06,5.96,-6.83,-53.00,-11.00,11.00,
-6.49,4.91,-10.83,-56.00,38.00,12.00,
-5.33,5.57,-12.90,-20.00,80.00,24.00,
-1.39,8.93,-12.21,28.00,97.00,29.00,
1.82,6.90,-10.09,79.00,57.00,23.00,
2.11,1.94,-9.64,37.00,-84.00,4.00,
-2.88,0.17,-5.67,-1.00,-131.00,-3.00,
-5.97,1.52,-4.65,-24.00,-115.00,21.00,
-6.80,3.77,-6.39,-21.00,11.00,5.00,
-7.36,3.56,-10.96,-18.00,56.00,10.00,
-5.94,5.84,-11.63,-26.00,85.00,28.00,
-1.96,7.96,-12.03,34.00,84.00,24.00,
0.19,5.14,-10.36,60.00,104.00,29.00,
5.57,4.09,-10.84,37.00,-38.00,25.00,
0.07,0.67,-8.50,22.00,-131.00,0.00,
-4.69,0.60,-4.68,-55.00,-131.00,0.00,
-7.59,3.30,-4.85,-11.00,-62.00,9.00,
-8.52,4.66,-8.32,-29.00,25.00,16.00,
-8.07,4.49,-10.33,-48.00,98.00,27.00,
-4.53,7.21,-12.06,9.00,128.00,27.00,
-2.04,5.69,-9.78,60.00,94.00,21.00,
3.13,5.00,-11.01,33.00,-38.00,14.00,
-0.91,0.80,-6.18,26.00,-131.00,-7.00,
-4.89,1.14,-6.38,-19.00,-131.00,10.00,
-6.58,3.07,-2.94,-78.00,-58.00,27.00,
-8.23,5.41,-6.48,-56.00,11.00,21.00,
-9.81,5.51,-12.14,-16.00,54.00,27.00,
-7.76,8.72,-12.99,29.00,82.00,28.00,
-3.16,8.93,-4.88,57.00,131.00,24.00,
3.20,4.50,-9.59,39.00,39.00,17.00,
2.17,1.37,-8.77,37.00,-117.00,-1.00,
-4.70,0.62,-6.04,-28.00,-131.00,1.00,
-6.90,1.45,-3.75,-61.00,-103.00,25.00,
-7.92,4.63,-5.71,-19.00,-4.00,17.00,
-9.11,5.32,-8.00,-27.00,71.00,38.00,
-5.49,8.61,-7.43,7.00,94.00,18.00,
-3.05,9.69,-11.72,14.00,130.00,34.00,
0.61,7.69,-11.01,76.00,63.00,38.00,
2.29,3.32,-9.02,65.00,-79.00,7.00,
-2.61,-1.61,-4.29,-7.00,-131.00,-11.00,
-6.46,2.77,-3.92,-21.00,-131.00,19.00,
-8.62,2.52,-6.48,0.00,18.00,20.00,
-7.46,3.82,-8.48,-49.00,91.00,28.00,
-6.91,6.44,-13.87,-13.00,131.00,17.00,
-2.01,8.27,-11.04,30.00,119.00,28.00,
-0.42,5.37,-8.70,49.00,16.00,33.00,
0.95,1.06,-8.04,50.00,-106.00,13.00,
-2.45,2.02,-5.81,-40.00,-131.00,0.00,
-7.57,2.69,-4.66,-67.00,-106.00,27.00,
-8.84,6.43,-6.62,-15.00,25.00,16.00,
-8.20,5.85,-8.72,-30.00,47.00,27.00,
-5.95,6.88,-10.05,-18.00,121.00,44.00,
-0.58,10.38,-10.04,56.00,131.00,29.00,
1.71,3.58,-10.11,73.00,68.00,19.00,
3.37,1.20,-9.41,23.00,-119.00,3.00,
-3.52,0.62,-5.15,-45.00,-131.00,-1.00,
-6.23,2.26,-5.60,-50.00,-90.00,17.00,
-7.00,4.68,-5.55,-39.00,5.00,22.00,
-6.97,6.76,-8.04,-36.00,61.00,22.00,
-5.27,6.05,-12.66,-25.00,64.00,19.00,
-3.48,9.84,-11.98,51.00,97.00,26.00,
1.08,6.24,-10.03,60.00,117.00,14.00,
4.44,4.04,-9.77,54.00,-51.00,14.00,
-0.65,0.03,-6.80,13.00,-130.00,-5.00,
-4.34,1.90,-6.91,-28.00,-130.00,12.00,
-6.93,4.15,-5.14,-49.00,-34.00,15.00,
-7.12,5.30,-9.67,-51.00,23.00,16.00,
-7.41,5.52,-12.17,-26.00,78.00,35.00,
-3.01,9.60,-11.01,31.00,119.00,30.00,
-2.58,9.49,-7.97,65.00,67.00,20.00,
2.05,3.69,-9.52,41.00,-44.00,5.00,
-1.05,0.94,-7.54,11.00,-112.00,-6.00,
-4.75,2.08,-4.53,-38.00,-131.00,13.00,
-7.33,3.98,-5.02,-57.00,10.00,13.00,
-6.33,5.58,-11.06,-27.00,75.00,16.00,
-4.63,6.03,-12.11,3.00,121.00,28.00,
1.52,9.52,-12.30,-14.00,98.00,31.00,
0.82,9.80,-9.98,59.00,38.00,21.00,
3.24,4.12,-9.65,40.00,-35.00,3.00,
-0.48,0.60,-6.83,30.00,-131.00,-1.00,
-4.68,1.20,-4.18,-50.00,-131.00,7.00,
-7.23,4.25,-5.16,-57.00,-11.00,12.00,
-7.64,4.75,-10.78,-34.00,25.00,10.00,
-6.56,6.26,-9.82,-23.00,105.00,38.00,
-1.79,5.61,-13.17,24.00,119.00,37.00,
-1.92,11.67,-8.68,69.00,69.00,32.00,
2.74,3.46,-8.03,46.00,-91.00,-10.00,
-3.47,1.56,-4.83,0.00,-131.00,2.00,
-5.53,1.73,-5.65,-29.00,-97.00,9.00,
-7.45,3.85,-5.03,-50.00,2.00,16.00,
-7.75,5.26,-9.66,-53.00,71.00,15.00,
-6.21,9.60,-9.00,-80.00,91.00,32.00,
-3.46,12.38,-8.47,38.00,88.00,29.00,
-0.63,5.18,-9.33,76.00,87.00,36.00,
2.95,2.34,-10.56,48.00,-45.00,20.00,
-1.03,-0.41,-6.83,7.00,-128.00,2.00,
-4.90,2.42,-5.51,-42.00,-121.00,11.00,
-5.90,4.23,-4.00,-73.00,-29.00,-2.00,
-6.90,5.70,-13.00,-9.00,42.00,4.00,
-4.84,6.24,-8.94,16.00,97.00,34.00,
-0.97,7.48,-10.30,-9.00,99.00,34.00,
-0.47,7.49,-11.10,55.00,57.00,35.00,
2.88,3.13,-10.67,44.00,-43.00,8.00,
-0.18,1.43,-7.81,-2.00,-131.00,-7.00,
-4.56,1.45,-4.30,-42.00,-131.00,-6.00,
-7.87,5.56,-5.75,-12.00,-11.00,-4.00,
-6.51,4.98,-7.21,-35.00,52.00,7.00,
-7.12,1.37,-11.57,-13.00,66.00,15.00,
-3.39,4.81,-16.76,6.00,96.00,29.00,
-2.66,8.04,-9.29,15.00,131.00,16.00,
4.67,2.59,-10.00,42.00,1.00,29.00,
0.65,1.13,-5.82,-5.00,-131.00,-18.00,
-5.24,3.02,-3.55,-14.00,-131.00,11.00,
-8.19,5.22,-4.92,-33.00,-42.00,8.00,
-9.47,3.72,-9.88,-13.00,65.00,7.00,
-6.88,3.21,-14.66,-30.00,131.00,18.00,
-1.54,7.52,-11.24,-16.00,131.00,24.00,
0.36,3.94,-9.09,33.00,6.00,16.00,
0.16,1.73,-8.08,33.00,-131.00,6.00,
-4.85,0.86,-4.82,-16.00,-131.00,4.00,
-8.57,2.62,-5.24,-30.00,-36.00,27.00,
-7.90,5.49,-8.91,-17.00,62.00,14.00,
-6.35,5.84,-12.26,-24.00,99.00,16.00,
-2.05,8.86,-14.23,20.00,131.00,26.00,
-1.61,6.19,-7.96,47.00,97.00,19.00,
5.17,1.46,-9.84,35.00,-35.00,21.00,
-1.50,-0.87,-5.88,3.00,-131.00,9.00,
-6.42,2.29,-5.50,-35.00,-131.00,17.00,
-7.54,3.58,-6.49,-14.00,-37.00,17.00,
-7.69,4.60,-9.03,-44.00,71.00,16.00,
-5.74,6.24,-11.52,-31.00,131.00,26.00,
1.96,6.57,-11.45,48.00,131.00,39.00,
6.25,7.35,-11.62,25.00,11.00,22.00,
3.76,2.15,-9.03,45.00,-131.00,29.00,
-2.62,-0.46,-3.89,-32.00,-131.00,2.00,
-6.47,1.65,-5.13,-22.00,-115.00,25.00,
-8.77,5.99,-6.29,-40.00,31.00,28.00,
-8.33,5.92,-11.59,-28.00,87.00,14.00,
-3.80,7.31,-14.26,-3.00,128.00,21.00,
-1.59,9.15,-9.15,57.00,117.00,23.00,
5.08,3.85,-11.53,31.00,19.00,14.00,
2.65,2.39,-8.22,34.00,-128.00,1.00,
-3.93,-0.22,-3.38,-34.00,-131.00,-1.00,
-7.38,1.04,-4.30,-33.00,-101.00,29.00,
-9.93,4.22,-8.05,-5.00,42.00,11.00,
-9.25,5.07,-11.69,-25.00,112.00,20.00,
-3.66,6.55,-13.58,9.00,131.00,29.00,
-0.77,7.24,-11.40,27.00,100.00,26.00,
3.62,3.45,-10.44,35.00,-14.00,8.00,
-1.16,1.52,-6.11,5.00,-131.00,-9.00,
-3.88,0.55,-7.21,-49.00,-131.00,2.00,
-8.26,3.18,-3.00,-3.00,-29.00,10.00,
-7.31,6.67,-6.43,-25.00,49.00,20.00,
-8.23,3.47,-11.45,7.00,75.00,13.00,
-5.31,7.02,-12.78,26.00,112.00,16.00,
-2.31,7.28,-9.24,47.00,131.00,25.00,
4.44,3.60,-10.61,44.00,-6.00,17.00,
2.11,1.27,-7.23,8.00,-131.00,0.00,
-4.32,3.07,-5.01,-41.00,-131.00,6.00,
-7.13,5.01,-4.18,-74.00,-49.00,1.00,
-8.03,4.21,-8.26,-31.00,39.00,10.00,
-8.37,4.45,-12.60,-12.00,101.00,16.00,
-4.57,6.46,-12.26,-3.00,126.00,27.00,
-0.11,6.06,-11.47,65.00,97.00,29.00,
3.29,2.10,-9.96,33.00,-37.00,15.00,
-0.46,0.83,-5.30,-19.00,-131.00,6.00,
-5.65,2.36,-5.27,-28.00,-131.00,15.00,
-7.42,4.99,-4.10,-44.00,-16.00,14.00,
-7.85,5.83,-9.90,-17.00,34.00,-4.00,
-5.86,7.03,-11.95,-19.00,113.00,25.00,
-2.09,6.78,-11.83,63.00,121.00,33.00,
2.86,4.67,-11.11,39.00,83.00,22.00,
4.38,1.83,-9.82,35.00,-72.00,4.00,
-0.62,-1.15,-7.23,-8.00,-131.00,-3.00,
-5.13,1.26,-4.97,-33.00,-131.00,18.00,
-7.72,4.78,-4.36,-26.00,-26.00,9.00,
-9.65,5.68,-10.21,-22.00,48.00,6.00,
-8.87,4.29,-11.72,-58.00,131.00,33.00,
-3.15,5.93,-11.73,9.00,117.00,19.00,
1.84,5.04,-11.20,54.00,92.00,27.00,
4.07,3.31,-10.91,40.00,-65.00,8.00,
-1.95,0.39,-6.20,5.00,-131.00,-12.00,
-5.67,2.12,-4.99,6.00,-131.00,4.00,
-7.32,1.08,-3.49,-27.00,-31.00,29.00,
-9.52,5.80,-7.79,-41.00,58.00,31.00,
-9.04,5.49,-12.19,-25.00,116.00,22.00,
-4.66,7.03,-9.52,16.00,131.00,18.00,
4.42,4.92,-11.77,28.00,64.00,7.00,
1.92,1.44,-9.13,29.00,-131.00,-4.00,
-2.74,0.78,-5.14,-14.00,-131.00,-1.00,
-7.17,1.78,-4.25,-34.00,-96.00,33.00,
-8.90,5.93,-7.62,-50.00,44.00,17.00,
-9.27,5.80,-11.95,-10.00,95.00,17.00,
-3.70,7.32,-9.06,21.00,131.00,25.00,
-1.15,5.40,-11.45,31.00,55.00,30.00,
5.26,3.36,-11.66,48.00,44.00,29.00,
3.38,-0.68,-7.60,30.00,-131.00,3.00,
-4.72,3.04,-3.48,-9.00,-131.00,12.00,
-8.11,4.84,-4.85,-61.00,-60.00,20.00,
-9.09,3.88,-7.37,10.00,1.00,0.00,
-9.14,4.95,-12.28,-43.00,131.00,16.00,
-0.40,5.51,-13.10,-35.00,131.00,16.00,
0.67,7.57,-10.72,45.00,108.00,53.00,
6.64,1.68,-9.88,19.00,-31.00,29.00,
1.78,1.12,-7.00,-3.00,-131.00,-5.00,
-5.22,3.15,-4.42,-47.00,-131.00,3.00,
-8.66,3.09,-4.94,-36.00,-67.00,18.00,
-8.44,2.91,-7.55,-39.00,32.00,16.00,
-6.93,5.30,-9.63,-18.00,131.00,39.00,
-1.50,4.73,-13.25,29.00,131.00,34.00,
0.88,7.59,-11.50,17.00,81.00,8.00,
3.28,3.26,-10.97,39.00,-48.00,12.00,
-0.35,1.19,-7.19,23.00,-119.00,-8.00,
-3.09,1.81,-5.68,-6.00,-131.00,-4.00,
-7.35,2.11,-4.38,-39.00,-42.00,23.00,
-7.54,4.29,-7.47,-65.00,8.00,18.00,
-9.49,5.79,-10.83,-54.00,60.00,21.00,
-6.06,6.18,-11.88,-10.00,122.00,25.00,
-4.42,7.05,-9.81,21.00,99.00,29.00,
2.71,5.10,-11.06,58.00,62.00,25.00,
3.70,1.88,-8.32,51.00,-106.00,3.00,
-3.40,-2.98,-3.92,-43.00,-131.00,0.00,
-6.04,2.35,-5.18,-48.00,-126.00,41.00,
-9.18,4.43,-5.23,-3.00,-25.00,19.00,
-8.56,3.04,-7.76,-59.00,75.00,31.00,
-4.41,7.41,-10.07,-5.00,131.00,20.00,
-2.04,9.43,-14.85,47.00,94.00,34.00,
-0.19,7.38,-10.81,63.00,94.00,30.00,
3.00,4.14,-9.81,68.00,-71.00,10.00,
-1.01,-1.10,-5.56,9.00,-131.00,-9.00,
-5.13,0.45,-4.87,-52.00,-122.00,25.00,
-6.14,4.64,-2.52,-63.00,-53.00,30.00,
-8.23,5.82,-6.15,-55.00,33.00,35.00,
-8.59,6.12,-13.17,-34.00,107.00,46.00,
-5.65,7.64,-9.48,8.00,128.00,41.00,
0.16,7.89,-10.19,87.00,131.00,43.00,
4.21,2.87,-9.80,73.00,5.00,20.00,
2.33,-0.98,-7.30,37.00,-131.00,-2.00,
-3.44,-0.31,-2.49,-64.00,-131.00,11.00,
-9.04,3.26,-6.51,-62.00,-33.00,19.00,
-8.32,3.15,-11.00,-34.00,59.00,17.00,
-6.56,5.06,-13.47,-26.00,121.00,23.00,
-1.23,8.64,-14.07,0.00,112.00,36.00,
1.75,6.73,-11.65,47.00,32.00,35.00,
3.38,3.38,-10.41,48.00,-69.00,8.00,
-0.61,-0.15,-4.95,-14.00,-131.00,-6.00,
-6.04,1.25,-3.86,-23.00,-121.00,17.00,
-7.92,6.07,-4.52,-29.00,-18.00,18.00,
-8.01,4.39,-10.61,-17.00,71.00,7.00,
-4.54,5.61,-12.54,-30.00,95.00,17.00,
-3.60,8.63,-11.40,25.00,73.00,29.00,
2.60,2.91,-12.14,54.00,62.00,29.00,
1.04,3.46,-9.56,7.00,-108.00,0.00,
-3.52,0.30,-4.55,-12.00,-131.00,-13.00,
-5.81,5.63,-4.46,-27.00,-107.00,4.00,
-6.64,4.47,-6.83,-24.00,52.00,19.00,
-7.59,4.88,-12.46,-16.00,131.00,14.00,
-2.78,4.30,-14.93,-24.00,124.00,35.00,
-1.09,9.75,-11.96,42.00,29.00,10.00,
1.33,4.22,-9.99,48.00,-30.00,0.00,
-0.11,0.40,-7.60,26.00,-95.00,-4.00,
-2.90,1.93,-2.34,-65.00,-131.00,17.00,
-8.00,5.40,-5.49,-72.00,-29.00,26.00,
-8.44,5.50,-10.93,-15.00,42.00,5.00,
-6.43,5.42,-12.32,-29.00,49.00,29.00,
-6.37,7.99,-11.91,36.00,71.00,33.00,
-1.80,7.14,-9.80,76.00,85.00,24.00,
1.71,1.66,-9.68,42.00,30.00,20.00,
2.85,-0.07,-8.96,17.00,-115.00,0.00,
-4.35,2.31,-3.39,-86.00,-131.00,5.00,
-7.31,0.11,-8.14,28.00,-87.00,-9.00,
-7.14,2.10,-10.40,-36.00,37.00,5.00,
-5.53,2.29,-13.23,-47.00,83.00,36.00,
-4.02,8.56,-7.49,10.00,131.00,56.00,
5.22,5.86,-14.94,48.00,60.00,32.00,
3.63,4.86,-10.56,37.00,-95.00,11.00,
-2.07,-0.18,-4.35,7.00,-131.00,-9.00,
-4.77,-0.42,-7.61,-62.00,-131.00,14.00,
-7.30,1.52,-6.24,-52.00,2.00,10.00,
-7.77,4.01,-9.19,-61.00,71.00,19.00,
-5.50,5.49,-13.67,-43.00,131.00,35.00,
-1.15,10.61,-10.17,63.00,91.00,41.00,
2.08,5.01,-10.69,73.00,-6.00,19.00,
0.19,1.78,-7.19,15.00,-128.00,-17.00,
-5.44,0.80,-4.10,-67.00,-131.00,-7.00,
-7.94,1.31,-5.37,-14.00,-45.00,0.00,
-6.68,5.44,-3.66,-56.00,36.00,31.00,
-8.33,7.08,-11.80,-27.00,75.00,35.00,
-7.38,8.91,-9.36,49.00,89.00,32.00,
-0.48,5.60,-9.49,78.00,119.00,15.00,
2.04,1.65,-11.80,32.00,-64.00,-1.00,
-2.36,0.02,-4.90,-17.00,-131.00,3.00,
-6.41,5.02,-2.03,-38.00,-68.00,9.00,
-7.12,1.96,-7.57,-30.00,24.00,0.00,
-6.96,6.17,-10.06,-41.00,91.00,18.00,
-2.81,6.36,-12.48,-27.00,113.00,31.00,
-1.03,9.95,-11.84,30.00,46.00,37.00,
-0.41,5.38,-9.98,65.00,-54.00,2.00,
-2.12,0.98,-5.63,0.00,-131.00,-29.00,
-5.92,1.51,-4.25,-39.00,-110.00,1.00,
-7.43,1.71,-4.92,-33.00,32.00,24.00,
-6.81,5.12,-8.90,-30.00,88.00,18.00,
-4.26,6.54,-12.31,-25.00,95.00,27.00,
-3.51,8.75,-12.32,51.00,28.00,33.00,
-1.70,3.42,-11.41,62.00,-44.00,-1.00,
-2.90,3.24,-6.00,7.00,-128.00,-29.00,
-4.84,1.77,-4.60,-24.00,-116.00,-17.00,
-6.24,1.91,-2.30,-5.00,2.00,19.00,
-6.63,2.94,-6.50,-23.00,54.00,27.00,
-6.95,4.43,-11.35,-22.00,88.00,33.00,
-4.44,8.05,-13.61,16.00,103.00,44.00,
-2.50,10.06,-8.96,50.00,48.00,28.00,
3.15,3.29,-10.08,59.00,-30.00,4.00,
-0.52,-0.94,-5.76,30.00,-131.00,4.00,
-4.97,2.94,-3.97,-30.00,-131.00,8.00,
-8.34,3.40,-7.02,-73.00,30.00,22.00,
-6.34,6.72,-9.62,-57.00,53.00,19.00,
-6.12,5.02,-14.10,-25.00,103.00,36.00,
-2.52,7.73,-9.55,53.00,80.00,50.00,
0.93,4.30,-10.95,51.00,-11.00,15.00,
-0.52,3.31,-8.27,15.00,-131.00,-12.00,
-6.25,0.45,-7.05,-55.00,-131.00,-18.00,
-7.61,0.46,-3.39,6.00,-78.00,-13.00,
-7.73,3.16,-5.07,25.00,32.00,21.00,
-7.68,3.37,-6.75,-32.00,87.00,40.00,
-6.12,5.45,-11.04,8.00,131.00,32.00,
-1.63,9.76,-13.05,39.00,88.00,39.00,
0.09,5.47,-9.47,90.00,55.00,31.00,
1.26,1.48,-8.69,26.00,-131.00,-21.00,
-5.02,0.58,-4.14,-55.00,-131.00,-13.00,
-8.15,3.70,-3.98,-59.00,-27.00,22.00,
-7.84,6.35,-7.74,-34.00,47.00,17.00,
-7.29,6.86,-10.76,-28.00,83.00,37.00,
-6.46,7.95,-12.49,0.00,92.00,52.00,
-1.97,9.81,-9.23,76.00,99.00,27.00,
0.83,3.62,-10.39,67.00,-29.00,-2.00,
-0.51,-0.05,-4.78,6.00,-131.00,-7.00,
-5.60,4.63,-2.06,-50.00,-131.00,19.00,
-8.68,0.74,-7.97,3.00,13.00,-1.00,
-7.47,3.50,-9.02,-22.00,88.00,24.00,
-5.60,6.09,-12.66,5.00,131.00,30.00,
0.79,8.42,-11.92,24.00,131.00,41.00,
4.24,7.40,-11.41,63.00,-21.00,33.00,
0.26,3.03,-6.82,29.00,-131.00,-15.00,
-4.27,0.20,-2.96,-13.00,-131.00,-16.00,
-7.79,3.30,-5.88,-30.00,-26.00,8.00,
-7.16,5.18,-8.28,-57.00,43.00,27.00,
-7.64,4.72,-12.61,-34.00,66.00,33.00,
-6.70,11.39,-8.50,50.00,128.00,40.00,
0.43,5.55,-10.82,54.00,73.00,7.00,
1.99,4.32,-9.55,34.00,-58.00,2.00,
-2.63,-0.65,-2.88,0.00,-131.00,-10.00,
-5.95,3.80,-5.32,-25.00,-131.00,25.00,
-8.90,5.84,-6.58,-32.00,25.00,23.00,
-9.16,5.23,-12.23,-56.00,125.00,18.00,
-3.34,6.97,-12.28,-1.00,131.00,40.00,
1.12,6.53,-11.03,33.00,66.00,52.00,
3.83,5.42,-9.43,43.00,-61.00,27.00,
0.82,1.84,-6.21,33.00,-131.00,-5.00,
-5.71,3.63,-4.59,-38.00,-131.00,-13.00,
-6.37,3.76,-5.62,-65.00,-19.00,14.00,
-8.28,4.26,-8.91,-79.00,62.00,36.00,
-8.55,7.71,-13.48,-17.00,112.00,50.00,
-4.13,11.18,-7.52,39.00,131.00,30.00,
2.61,4.09,-9.25,64.00,42.00,21.00,
3.01,1.27,-7.07,24.00,-127.00,-8.00,
-3.06,-0.02,-8.30,-96.00,-131.00,16.00,
-7.92,6.29,-1.15,12.00,-11.00,11.00,
-5.82,8.16,-5.35,-36.00,36.00,66.00,
-3.42,6.67,-3.14,13.00,97.00,88.00,
0.82,5.07,-6.82,-14.00,81.00,114.00,
5.59,2.20,-6.03,4.00,15.00,131.00,
15.81,1.72,-6.61,-25.00,46.00,131.00,
16.05,7.91,-4.93,-52.00,24.00,94.00,
