-1.17,-3.14,-8.48,-1.00,0.00,0.00,
-1.17,-3.15,-8.48,-1.00,0.00,0.00,
-1.16,-3.16,-8.56,-1.00,0.00,0.00,
-1.10,-3.17,-8.45,-1.00,0.00,0.00,
-1.19,-3.14,-8.48,-1.00,0.00,0.00,
-1.19,-3.10,-8.47,-1.00,0.00,0.00,
-1.17,-3.11,-8.50,-1.00,0.00,0.00,
-1.21,-3.07,-8.50,-1.00,0.00,0.00,
-1.14,-3.12,-8.51,-1.00,0.00,0.00,
-1.17,-3.13,-8.44,-1.00,0.00,0.00,
-1.24,-3.09,-8.50,-1.00,0.00,0.00,
-1.18,-3.12,-8.44,-1.00,0.00,0.00,
-1.19,-3.10,-8.50,-1.00,0.00,0.00,
-1.17,-3.12,-8.57,-1.00,0.00,0.00,
-1.16,-3.05,-8.45,-1.00,0.00,0.00,
-1.21,-3.14,-8.49,-1.00,0.00,0.00,
-1.13,-3.09,-8.45,-1.00,0.00,0.00,
-1.21,-3.15,-8.52,-1.00,0.00,0.00,
-1.20,-3.16,-8.51,-1.00,0.00,0.00,
-1.24,-3.17,-8.48,-1.00,0.00,0.00,
-1.20,-3.10,-8.47,-1.00,0.00,0.00,
-1.20,-3.14,-8.47,-1.00,0.00,0.00,
-1.15,-3.15,-8.52,-1.00,0.00,0.00,
-1.14,-3.14,-8.49,-1.00,0.00,0.00,
-1.21,-3.10,-8.44,-1.00,0.00,0.00,
-1.18,-3.09,-8.44,-1.00,0.00,0.00,
-1.14,-3.13,-8.51,-1.00,0.00,0.00,
-1.20,-3.17,-8.48,-1.00,0.00,0.00,
-1.17,-3.15,-8.55,-1.00,0.00,0.00,
-1.20,-3.15,-8.55,-1.00,0.00,0.00,
-1.18,-3.12,-8.49,-1.00,0.00,0.00,
-1.17,-3.13,-8.52,-1.00,0.00,0.00,
-1.13,-3.09,-8.46,-1.00,0.00,0.00,
-1.20,-3.08,-8.41,-1.00,0.00,0.00,
-1.22,-3.09,-8.49,-1.00,0.00,0.00,
-1.21,-3.14,-8.45,-1.00,0.00,0.00,
-1.16,-3.18,-8.61,-1.00,0.00,0.00,
-1.23,-3.09,-8.53,-1.00,0.00,0.00,
-1.20,-3.08,-8.52,-1.00,0.00,0.00,
-1.15,-3.12,-8.50,-1.00,0.00,0.00,
-1.18,-3.09,-8.55,-1.00,0.00,0.00,
-1.18,-3.14,-8.49,-1.00,0.00,0.00,
-1.19,-3.10,-8.54,-1.00,0.00,0.00,
-1.21,-3.12,-8.49,-1.00,0.00,0.00,
-1.18,-3.10,-8.42,-1.00,0.00,0.00,
-1.16,-3.14,-8.49,-1.00,0.00,0.00,
-1.19,-3.11,-8.53,-1.00,0.00,0.00,
-1.16,-3.07,-8.54,-1.00,0.00,0.00,
-1.15,-3.10,-8.61,-1.00,0.00,0.00,
-1.21,-3.11,-8.52,-1.00,0.00,0.00,
-1.16,-3.14,-8.45,-1.00,0.00,0.00,
-1.25,-3.10,-8.46,-1.00,0.00,0.00,
-1.16,-3.12,-8.47,-1.00,0.00,0.00,
-1.19,-3.13,-8.56,-1.00,0.00,0.00,
-1.19,-3.10,-8.47,-1.00,0.00,0.00,
-1.15,-3.06,-8.52,-1.00,0.00,0.00,
-1.22,-3.13,-8.51,-1.00,0.00,0.00,
-1.20,-3.12,-8.53,-1.00,0.00,0.00,
-1.23,-3.17,-8.55,-1.00,0.00,0.00,
-1.18,-3.10,-8.49,-1.00,0.00,0.00,
-1.19,-3.12,-8.50,-1.00,0.00,0.00,
-1.16,-3.08,-8.50,-1.00,0.00,0.00,
-1.20,-3.09,-8.52,-1.00,0.00,0.00,
-1.22,-3.19,-8.49,-1.00,0.00,0.00,
-1.20,-3.21,-8.50,-1.00,0.00,0.00,
-1.18,-3.12,-8.57,-1.00,0.00,0.00,
-1.20,-3.13,-8.45,-1.00,0.00,0.00,
-1.21,-3.15,-8.54,-1.00,0.00,0.00,
-1.14,-3.11,-8.49,-1.00,0.00,0.00,
-1.13,-3.14,-8.43,-1.00,0.00,0.00,
-1.22,-3.10,-8.46,-1.00,0.00,0.00,
-1.23,-3.13,-8.58,-1.00,0.00,0.00,
-1.11,-3.10,-8.43,-1.00,0.00,0.00,
-1.16,-3.12,-8.54,-1.00,0.00,0.00,
-1.11,-3.15,-8.55,-1.00,0.00,0.00,
-1.22,-3.10,-8.47,-1.00,0.00,0.00,
-1.21,-3.10,-8.56,-1.00,0.00,0.00,
-1.20,-3.18,-8.48,-1.00,0.00,0.00,
-1.19,-3.13,-8.54,-1.00,0.00,0.00,
-1.15,-3.11,-8.54,-1.00,0.00,0.00,
-1.23,-3.16,-8.52,-1.00,0.00,0.00,
-1.22,-3.14,-8.52,-1.00,0.00,0.00,
-1.12,-3.13,-8.52,-1.00,0.00,0.00,
-1.14,-3.11,-8.48,-1.00,0.00,0.00,
-1.20,-3.14,-8.56,-1.00,0.00,0.00,
-1.17,-3.12,-8.55,-1.00,0.00,0.00,
-1.21,-3.13,-8.52,-1.00,0.00,0.00,
-1.20,-3.08,-8.51,-1.00,0.00,0.00,
-1.16,-3.11,-8.47,-1.00,0.00,0.00,
-1.18,-3.14,-8.53,-1.00,0.00,0.00,
-1.17,-3.11,-8.49,-1.00,0.00,0.00,
-1.16,-3.11,-8.43,-1.00,0.00,0.00,
-1.19,-3.10,-8.48,-1.00,0.00,0.00,
-1.19,-3.08,-8.47,-1.00,0.00,0.00,
-1.20,-3.09,-8.62,-1.00,0.00,0.00,
-1.25,-3.04,-8.49,-1.00,0.00,0.00,
-1.21,-3.12,-8.49,-1.00,0.00,0.00,
-1.21,-3.10,-8.48,-1.00,0.00,0.00,
-1.18,-3.13,-8.48,-1.00,0.00,0.00,
-1.22,-3.09,-8.45,-1.00,0.00,0.00,
-1.13,-3.16,-8.54,-1.00,0.00,0.00,
-1.15,-3.05,-8.45,-1.00,0.00,0.00,
-1.14,-3.11,-8.46,-1.00,0.00,0.00,
-1.17,-3.10,-8.59,-1.00,0.00,0.00,
-1.15,-3.06,-8.51,-1.00,0.00,0.00,
-1.12,-3.16,-8.49,-1.00,0.00,0.00,
-1.17,-3.15,-8.46,-1.00,0.00,0.00,
-1.23,-3.08,-8.47,-1.00,0.00,0.00,
-1.23,-3.12,-8.55,-1.00,0.00,0.00,
-1.16,-3.10,-8.49,-1.00,0.00,0.00,
-1.21,-3.09,-8.50,-1.00,0.00,0.00,
-1.21,-3.12,-8.55,-1.00,0.00,0.00,
-1.14,-3.15,-8.38,-1.00,0.00,0.00,
-1.14,-3.07,-8.53,-1.00,0.00,0.00,
-1.17,-3.12,-8.50,-1.00,0.00,0.00,
-1.25,-3.15,-8.54,-1.00,0.00,0.00,
-1.17,-3.09,-8.42,-1.00,0.00,0.00,
-1.21,-3.05,-8.47,-1.00,0.00,0.00,
-1.16,-3.09,-8.50,-1.00,0.00,0.00,
-1.20,-3.10,-8.44,-1.00,0.00,0.00,
-1.27,-3.13,-8.49,-1.00,0.00,0.00,
-1.21,-3.09,-8.46,-1.00,0.00,0.00,
-1.20,-3.11,-8.55,-1.00,0.00,0.00,
-1.17,-3.16,-8.49,-1.00,0.00,0.00,
-1.16,-3.10,-8.43,-1.00,0.00,0.00,
-1.20,-3.04,-8.46,-1.00,0.00,0.00,
-1.16,-3.14,-8.44,-1.00,0.00,0.00,
-1.20,-3.10,-8.47,-1.00,0.00,0.00,
-1.16,-3.09,-8.56,-1.00,0.00,0.00,
-1.17,-3.09,-8.51,-1.00,0.00,0.00,
-1.21,-3.10,-8.53,-1.00,0.00,0.00,
-1.17,-3.09,-8.49,-1.00,0.00,0.00,
-1.21,-3.11,-8.50,-1.00,0.00,0.00,
-1.19,-3.11,-8.58,-1.00,0.00,0.00,
-1.25,-3.10,-8.42,-1.00,0.00,0.00,
-1.18,-3.12,-8.42,-1.00,0.00,0.00,
-1.23,-3.06,-8.51,-1.00,0.00,0.00,
-1.20,-3.13,-8.51,-1.00,0.00,0.00,
-1.18,-3.17,-8.53,-1.00,0.00,0.00,
-1.17,-3.12,-8.51,-1.00,0.00,0.00,
-1.20,-3.14,-8.46,-1.00,0.00,0.00,
-1.14,-3.12,-8.44,-1.00,0.00,0.00,
-1.18,-3.05,-8.51,-1.00,0.00,0.00,
-1.23,-3.12,-8.47,-1.00,0.00,0.00,
-1.20,-3.14,-8.47,-1.00,0.00,0.00,
-1.18,-3.05,-8.58,-1.00,0.00,0.00,
-1.23,-3.11,-8.52,-1.00,0.00,0.00,
-1.18,-3.17,-8.48,-1.00,0.00,0.00,
-1.22,-3.19,-8.51,-1.00,0.00,0.00,
-1.18,-3.12,-8.51,-1.00,0.00,0.00,
-1.23,-3.11,-8.47,-1.00,0.00,0.00,
-1.16,-3.15,-8.48,-1.00,0.00,0.00,
-1.18,-3.16,-8.49,-1.00,0.00,0.00,
-1.12,-3.15,-8.42,-1.00,0.00,0.00,
-1.22,-3.12,-8.47,-1.00,0.00,0.00,
-1.14,-3.10,-8.45,-1.00,0.00,0.00,
-1.24,-3.14,-8.59,-1.00,0.00,0.00,
-1.17,-3.12,-8.47,-1.00,0.00,0.00,
-1.23,-3.11,-8.53,-1.00,0.00,0.00,
-1.19,-3.11,-8.52,-1.00,0.00,0.00,
-1.21,-3.05,-8.48,-1.00,0.00,0.00,
-1.21,-3.09,-8.54,-1.00,0.00,0.00,
-1.20,-3.13,-8.44,-1.00,0.00,0.00,
-1.21,-3.12,-8.53,-1.00,0.00,0.00,
-1.18,-3.05,-8.45,-1.00,0.00,0.00,
-1.18,-3.06,-8.51,-1.00,0.00,0.00,
-1.19,-3.18,-8.50,-1.00,0.00,0.00,
-1.18,-3.11,-8.56,-1.00,0.00,0.00,
-1.20,-3.12,-8.41,-1.00,0.00,0.00,
-1.18,-3.09,-8.50,-1.00,0.00,0.00,
-1.16,-3.09,-8.59,-1.00,0.00,0.00,
-1.17,-3.09,-8.53,-1.00,0.00,0.00,
-1.19,-3.14,-8.56,-1.00,0.00,0.00,
-1.19,-3.08,-8.51,-1.00,0.00,0.00,
-1.20,-3.11,-8.47,-1.00,0.00,0.00,
-1.23,-3.21,-8.50,-1.00,0.00,0.00,
-1.15,-3.12,-8.49,-1.00,0.00,0.00,
-1.24,-3.17,-8.54,-1.00,0.00,0.00,
-1.22,-3.13,-8.53,-1.00,0.00,0.00,
-1.19,-3.13,-8.50,-1.00,0.00,0.00,
-1.15,-3.09,-8.50,-1.00,0.00,0.00,
-1.18,-3.09,-8.56,-1.00,0.00,0.00,
-1.23,-3.14,-8.42,-1.00,0.00,0.00,
-1.18,-3.11,-8.51,-1.00,0.00,0.00,
-1.18,-3.06,-8.42,-1.00,0.00,0.00,
-1.19,-3.15,-8.53,-1.00,0.00,0.00,
-1.21,-3.11,-8.43,-1.00,0.00,0.00,
-1.21,-3.08,-8.48,-1.00,0.00,0.00,
-1.20,-3.07,-8.52,-1.00,0.00,0.00,
-1.18,-3.18,-8.49,-1.00,0.00,0.00,
-1.14,-3.08,-8.55,-1.00,0.00,0.00,
-1.15,-3.12,-8.51,-1.00,0.00,0.00,
-1.20,-3.14,-8.47,-1.00,0.00,0.00,
-1.23,-3.12,-8.52,-1.00,0.00,0.00,
-1.18,-3.10,-8.50,-1.00,0.00,0.00,
-1.24,-3.13,-8.45,-1.00,0.00,0.00,
-1.20,-3.16,-8.50,-1.00,0.00,0.00,
-1.20,-3.08,-8.51,-1.00,0.00,0.00,
-1.16,-3.15,-8.56,-1.00,0.00,0.00,
-1.19,-3.13,-8.57,-1.00,0.00,0.00,
-1.19,-3.11,-8.50,-1.00,0.00,0.00,
-1.26,-3.09,-8.51,-1.00,0.00,0.00,
-1.14,-3.13,-8.48,-1.00,0.00,0.00,
-1.17,-3.12,-8.51,-1.00,0.00,0.00,
-1.21,-3.14,-8.51,-1.00,0.00,0.00,
-1.18,-3.15,-8.51,-1.00,0.00,0.00,
-1.24,-3.09,-8.47,-1.00,0.00,0.00,
-1.17,-3.07,-8.56,-1.00,0.00,0.00,
-1.15,-3.13,-8.50,-1.00,0.00,0.00,
-1.20,-3.15,-8.52,-1.00,0.00,0.00,
-1.21,-3.16,-8.50,-1.00,0.00,0.00,
-1.21,-3.08,-8.51,-1.00,0.00,0.00,
-1.25,-3.13,-8.55,-1.00,0.00,0.00,
-1.18,-3.16,-8.54,-1.00,0.00,0.00,
-1.19,-3.11,-8.51,-1.00,0.00,0.00,
-1.24,-3.10,-8.49,-1.00,0.00,0.00,
-1.24,-3.10,-8.48,-1.00,0.00,0.00,
-1.22,-3.15,-8.56,-1.00,0.00,0.00,
-1.17,-3.12,-8.50,-1.00,0.00,0.00,
-1.20,-3.10,-8.50,-1.00,0.00,0.00,
-1.17,-3.10,-8.45,-1.00,0.00,0.00,
-1.18,-3.15,-8.47,-1.00,0.00,0.00,
-1.23,-3.15,-8.62,-1.00,0.00,0.00,
-1.15,-3.13,-8.45,-1.00,0.00,0.00,
-1.25,-3.12,-8.50,-1.00,0.00,0.00,
-1.17,-3.14,-8.49,-1.00,0.00,0.00,
-1.20,-3.07,-8.50,-1.00,0.00,0.00,
-1.20,-3.08,-8.44,-1.00,0.00,0.00,
-1.18,-3.12,-8.49,-1.00,0.00,0.00,
-1.25,-3.10,-8.49,-1.00,0.00,0.00,
-1.17,-3.10,-8.44,-1.00,0.00,0.00,
-1.21,-3.14,-8.54,-1.00,0.00,0.00,
-1.18,-3.13,-8.58,-1.00,0.00,0.00,
-1.23,-3.14,-8.52,-1.00,0.00,0.00,
-1.24,-3.07,-8.50,-1.00,0.00,0.00,
-1.19,-3.14,-8.46,-1.00,0.00,0.00,
-1.17,-3.08,-8.53,-1.00,0.00,0.00,
-1.17,-3.15,-8.48,-1.00,0.00,0.00,
-1.18,-3.09,-8.39,-1.00,0.00,0.00,
-1.24,-3.09,-8.47,-1.00,0.00,0.00,
-1.20,-3.11,-8.54,-1.00,0.00,0.00,
-1.21,-3.07,-8.61,-1.00,0.00,0.00,
-1.14,-3.14,-8.52,-1.00,0.00,0.00,
-1.20,-3.13,-8.49,-1.00,0.00,0.00,
-1.16,-3.11,-8.54,-1.00,0.00,0.00,
-1.13,-3.09,-8.50,-1.00,0.00,0.00,
-1.17,-3.13,-8.47,-1.00,0.00,0.00,
-1.19,-3.11,-8.50,-1.00,0.00,0.00,
-1.17,-3.12,-8.55,-1.00,0.00,0.00,
-1.18,-3.13,-8.43,-1.00,0.00,0.00,
-1.23,-3.08,-8.46,-1.00,0.00,0.00,
-1.21,-3.14,-8.55,-1.00,0.00,0.00,
-1.14,-3.14,-8.54,-1.00,0.00,0.00,
-1.19,-3.16,-8.58,-1.00,0.00,0.00,
-1.23,-3.15,-8.52,-1.00,0.00,0.00,
-1.20,-3.08,-8.50,-1.00,0.00,0.00,
-1.16,-3.13,-8.53,-1.00,0.00,0.00,
-1.23,-3.12,-8.52,-1.00,0.00,0.00,
-1.22,-3.18,-8.39,-1.00,0.00,0.00,
-1.19,-3.14,-8.46,-1.00,0.00,0.00,
-1.20,-3.15,-8.50,-1.00,0.00,0.00,
-1.23,-3.09,-8.59,-1.00,0.00,0.00,
-1.17,-3.11,-8.46,-1.00,0.00,0.00,
-1.20,-3.18,-8.60,-1.00,0.00,0.00,
-1.20,-3.10,-8.51,-1.00,0.00,0.00,
-1.21,-3.15,-8.50,-1.00,0.00,0.00,
-1.17,-3.14,-8.45,-1.00,0.00,0.00,
-1.17,-3.19,-8.47,-1.00,0.00,0.00,
-1.14,-3.14,-8.52,-1.00,0.00,0.00,
-1.16,-3.11,-8.53,-1.00,0.00,0.00,
-1.21,-3.12,-8.42,-1.00,0.00,0.00,
-1.20,-3.11,-8.46,-1.00,0.00,0.00,
-1.19,-3.12,-8.58,-1.00,0.00,0.00,
-1.21,-3.10,-8.54,-1.00,0.00,0.00,
-1.16,-3.12,-8.43,-1.00,0.00,0.00,
-1.20,-3.09,-8.64,-1.00,0.00,0.00,
-1.15,-3.16,-8.49,-1.00,0.00,0.00,
-1.20,-3.15,-8.56,-1.00,0.00,0.00,
-1.16,-3.11,-8.46,-1.00,0.00,0.00,
-1.21,-3.10,-8.53,-1.00,0.00,0.00,
-1.17,-3.15,-8.52,-1.00,0.00,0.00,
-1.15,-3.16,-8.52,-1.00,0.00,0.00,
-1.18,-3.10,-8.45,-1.00,0.00,0.00,
-1.17,-3.10,-8.43,-1.00,0.00,0.00,
-1.22,-3.13,-8.50,-1.00,0.00,0.00,
-1.22,-3.12,-8.46,-1.00,0.00,0.00,
-1.19,-3.08,-8.48,-1.00,0.00,0.00,
-1.17,-3.17,-8.50,-1.00,0.00,0.00,
-1.19,-3.08,-8.50,-1.00,0.00,0.00,
-1.19,-3.04,-8.43,-1.00,0.00,0.00,
-1.18,-3.10,-8.50,-1.00,0.00,0.00,
-1.20,-3.12,-8.46,-1.00,0.00,0.00,
-1.17,-3.10,-8.42,-1.00,0.00,0.00,
-1.18,-3.14,-8.54,-1.00,0.00,0.00,
-1.18,-3.11,-8.57,-1.00,0.00,0.00,
-1.23,-3.14,-8.53,-1.00,0.00,0.00,
-1.19,-3.05,-8.49,-1.00,0.00,0.00,
-1.18,-3.12,-8.49,-1.00,0.00,0.00,
-1.13,-3.11,-8.53,-1.00,0.00,0.00,
-1.23,-3.12,-8.56,-1.00,0.00,0.00,
-1.15,-3.14,-8.44,-1.00,0.00,0.00,
-1.22,-3.15,-8.50,-1.00,0.00,0.00,
-1.16,-3.14,-8.54,-1.00,0.00,0.00,
-1.21,-3.12,-8.53,-1.00,0.00,0.00,
-1.18,-3.16,-8.43,-1.00,0.00,0.00,
-1.15,-3.15,-8.53,-1.00,0.00,0.00,
-1.21,-3.12,-8.52,-1.00,0.00,0.00,
-1.18,-3.04,-8.44,-1.00,0.00,0.00,
-1.18,-3.09,-8.46,-1.00,0.00,0.00,
-1.16,-3.15,-8.51,-1.00,0.00,0.00,
-1.20,-3.13,-8.44,-1.00,0.00,0.00,
-1.20,-3.12,-8.44,-1.00,0.00,0.00,
-1.20,-3.11,-8.58,-1.00,0.00,0.00,
-1.19,-3.14,-8.52,-1.00,0.00,0.00,
-1.14,-3.12,-8.47,-1.00,0.00,0.00,
-1.18,-3.14,-8.47,-1.00,0.00,0.00,
-1.18,-3.18,-8.45,-1.00,0.00,0.00,
-1.22,-3.08,-8.53,-1.00,0.00,0.00,
-1.22,-3.14,-8.42,-1.00,0.00,0.00,
-1.20,-3.13,-8.48,-1.00,0.00,0.00,
-1.23,-3.12,-8.52,-1.00,0.00,0.00,
-1.21,-3.10,-8.50,-1.00,0.00,0.00,
-1.18,-3.19,-8.51,-1.00,0.00,0.00,
-1.23,-3.10,-8.49,-1.00,0.00,0.00,
-1.16,-3.06,-8.57,-1.00,0.00,0.00,
-1.18,-3.11,-8.47,-1.00,0.00,0.00,
-1.20,-3.10,-8.55,-1.00,0.00,0.00,
-1.24,-3.11,-8.43,-1.00,0.00,0.00,
-1.18,-3.07,-8.53,-1.00,0.00,0.00,
-1.21,-3.11,-8.44,-1.00,0.00,0.00,
-1.20,-3.12,-8.52,-1.00,0.00,0.00,
-1.20,-3.09,-8.49,-1.00,0.00,0.00,
-1.22,-3.19,-8.52,-1.00,0.00,0.00,
-1.17,-3.14,-8.52,-1.00,0.00,0.00,
-1.20,-3.10,-8.54,-1.00,0.00,0.00,
-1.23,-3.12,-8.52,-1.00,0.00,0.00,
-1.17,-3.16,-8.50,-1.00,0.00,0.00,
-1.14,-3.07,-8.48,-1.00,0.00,0.00,
-1.17,-3.10,-8.52,-1.00,0.00,0.00,
-1.17,-3.17,-8.46,-1.00,0.00,0.00,
-1.24,-3.11,-8.46,-1.00,0.00,0.00,
-1.20,-3.14,-8.59,-1.00,0.00,0.00,
-1.18,-3.06,-8.48,-1.00,0.00,0.00,
-1.16,-3.11,-8.48,-1.00,0.00,0.00,
-1.20,-3.11,-8.51,-1.00,0.00,0.00,
-1.23,-3.11,-8.52,-1.00,0.00,0.00,
-1.23,-3.15,-8.48,-1.00,0.00,0.00,
-1.25,-3.11,-8.53,-1.00,0.00,0.00,
-1.21,-3.13,-8.46,-1.00,0.00,0.00,
-1.25,-3.07,-8.53,-1.00,0.00,0.00,
-1.21,-3.08,-8.49,-1.00,0.00,0.00,
-1.23,-3.09,-8.48,-1.00,0.00,0.00,
-1.19,-3.14,-8.62,-1.00,0.00,0.00,
-1.21,-3.09,-8.47,-1.00,0.00,0.00,
-1.23,-3.12,-8.51,-1.00,0.00,0.00,
-1.19,-3.14,-8.48,-1.00,0.00,0.00,
-1.18,-3.12,-8.52,-1.00,0.00,0.00,
-1.17,-3.11,-8.60,-1.00,0.00,0.00,
-1.15,-3.12,-8.49,-1.00,0.00,0.00,
-1.22,-3.08,-8.49,-1.00,0.00,0.00,
-1.22,-3.12,-8.57,-1.00,0.00,0.00,
-1.20,-3.13,-8.49,-1.00,0.00,0.00,
-1.16,-3.13,-8.48,-1.00,0.00,0.00,
-1.17,-3.11,-8.56,-1.00,0.00,0.00,
-1.20,-3.14,-8.44,-1.00,0.00,0.00,
-1.20,-3.13,-8.45,-1.00,0.00,0.00,
-1.24,-3.16,-8.51,-1.00,0.00,0.00,
-1.23,-3.13,-8.47,-1.00,0.00,0.00,
-1.19,-3.11,-8.45,-1.00,0.00,0.00,
-1.18,-3.11,-8.55,-1.00,0.00,0.00,
-1.18,-3.07,-8.48,-1.00,0.00,0.00,
-1.23,-3.19,-8.51,-1.00,0.00,0.00,
-1.20,-3.10,-8.53,-1.00,0.00,0.00,
-1.22,-3.10,-8.53,-1.00,0.00,0.00,
-1.21,-3.12,-8.54,-1.00,0.00,0.00,
-1.18,-3.14,-8.43,-1.00,0.00,0.00,
-1.16,-3.15,-8.53,-1.00,0.00,0.00,
-1.20,-3.14,-8.51,-1.00,0.00,0.00,
-1.21,-3.13,-8.43,-1.00,0.00,0.00,
-1.17,-3.11,-8.42,-1.00,0.00,0.00,
-1.19,-3.10,-8.49,-1.00,0.00,0.00,
-1.20,-3.11,-8.48,-1.00,0.00,0.00,
-1.19,-3.12,-8.52,-1.00,0.00,0.00,
-1.23,-3.16,-8.53,-1.00,0.00,0.00,
-1.17,-3.12,-8.44,-1.00,0.00,0.00,
-1.18,-3.15,-8.46,-1.00,0.00,0.00,
-1.20,-3.10,-8.51,-1.00,0.00,0.00,
-1.21,-3.16,-8.45,-1.00,0.00,0.00,
-1.23,-3.09,-8.54,-1.00,0.00,0.00,
-1.23,-3.12,-8.50,-1.00,0.00,0.00,
-1.23,-3.10,-8.48,-1.00,0.00,0.00,
-1.18,-3.10,-8.57,-1.00,0.00,0.00,
-1.17,-3.14,-8.48,-1.00,0.00,0.00,
-1.20,-3.11,-8.50,-1.00,0.00,0.00,
-1.19,-3.11,-8.47,-1.00,0.00,0.00,
-1.17,-3.16,-8.48,-1.00,0.00,0.00,
-1.24,-3.18,-8.58,-1.00,0.00,0.00,
-1.19,-3.14,-8.52,-1.00,0.00,0.00,
-1.17,-3.12,-8.53,-1.00,0.00,0.00,
-1.19,-3.15,-8.37,-1.00,0.00,0.00,
-1.21,-3.16,-8.50,-1.00,0.00,0.00,
-1.21,-3.10,-8.53,-1.00,0.00,0.00,
-1.19,-3.11,-8.44,-1.00,0.00,0.00,
-1.22,-3.09,-8.56,-1.00,0.00,0.00,
-1.21,-3.12,-8.50,-1.00,0.00,0.00,
-1.24,-3.06,-8.48,-1.00,0.00,0.00,
-1.23,-3.13,-8.53,-1.00,0.00,0.00,
-1.20,-3.15,-8.44,-1.00,0.00,0.00,
-1.20,-3.09,-8.59,-1.00,0.00,0.00,
-1.15,-3.11,-8.59,-1.00,0.00,0.00,
-1.21,-3.11,-8.61,-1.00,0.00,0.00,
-1.16,-3.14,-8.56,-1.00,0.00,0.00,
-1.16,-3.15,-8.49,-1.00,0.00,0.00,
-1.23,-3.09,-8.50,-1.00,0.00,0.00,
-1.17,-3.12,-8.44,-1.00,0.00,0.00,
-1.16,-3.08,-8.55,-1.00,0.00,0.00,
-1.21,-3.09,-8.40,-1.00,0.00,0.00,
-1.19,-3.12,-8.52,-1.00,0.00,0.00,
-1.17,-3.14,-8.50,-1.00,0.00,0.00,
-1.18,-3.13,-8.53,-1.00,0.00,0.00,
-1.20,-3.13,-8.50,-1.00,0.00,0.00,
-1.23,-3.09,-8.51,-1.00,0.00,0.00,
-1.21,-3.20,-8.50,-1.00,0.00,0.00,
-1.22,-3.08,-8.44,-1.00,0.00,0.00,
-1.17,-3.14,-8.43,-1.00,0.00,0.00,
-1.19,-3.18,-8.55,-1.00,0.00,0.00,
-1.17,-3.10,-8.47,-1.00,0.00,0.00,
-1.22,-3.12,-8.56,-1.00,0.00,0.00,
-1.26,-3.11,-8.50,-1.00,0.00,0.00,
-1.20,-3.14,-8.54,-1.00,0.00,0.00,
-1.16,-3.13,-8.48,-1.00,0.00,0.00,
-1.15,-3.08,-8.56,-1.00,0.00,0.00,
-1.16,-3.08,-8.49,-1.00,0.00,0.00,
-1.20,-3.13,-8.55,-1.00,0.00,0.00,
-1.23,-3.05,-8.57,-1.00,0.00,0.00,
-1.17,-3.10,-8.41,-1.00,0.00,0.00,
-1.20,-3.11,-8.48,-1.00,0.00,0.00,
-1.17,-3.18,-8.46,-1.00,0.00,0.00,
-1.22,-3.08,-8.46,-1.00,0.00,0.00,
-1.26,-3.12,-8.49,-1.00,0.00,0.00,
-1.22,-3.15,-8.48,-1.00,0.00,0.00,
-1.15,-3.13,-8.46,-1.00,0.00,0.00,
-1.17,-3.14,-8.44,-1.00,0.00,0.00,
-1.22,-3.07,-8.46,-1.00,0.00,0.00,
-1.19,-3.17,-8.46,-1.00,0.00,0.00,
-1.22,-3.10,-8.50,-1.00,0.00,0.00,
-1.22,-3.08,-8.52,-1.00,0.00,0.00,
-1.22,-3.12,-8.53,-1.00,0.00,0.00,
-1.20,-3.14,-8.60,-1.00,0.00,0.00,
-1.13,-3.11,-8.50,-1.00,0.00,0.00,
-1.16,-3.05,-8.40,-1.00,0.00,0.00,
-1.14,-3.11,-8.49,-1.00,0.00,0.00,
-1.22,-3.12,-8.54,-1.00,0.00,0.00,
-1.21,-3.13,-8.54,-1.00,0.00,0.00,
-1.17,-3.17,-8.50,-1.00,0.00,0.00,
-1.20,-3.14,-8.55,-1.00,0.00,0.00,
-1.18,-3.13,-8.57,-1.00,0.00,0.00,
-1.21,-3.15,-8.50,-1.00,0.00,0.00,
-1.19,-3.15,-8.46,-1.00,0.00,0.00,
-1.16,-3.12,-8.54,-1.00,0.00,0.00,
-1.20,-3.10,-8.48,-1.00,0.00,0.00,
-1.21,-3.11,-8.48,-1.00,0.00,0.00,
-1.17,-3.07,-8.56,-1.00,0.00,0.00,
-1.14,-3.16,-8.50,-1.00,0.00,0.00,
-1.17,-3.17,-8.55,-1.00,0.00,0.00,
-1.16,-3.18,-8.59,-1.00,0.00,0.00,
-1.20,-3.13,-8.46,-1.00,0.00,0.00,
-1.18,-3.12,-8.55,-1.00,0.00,0.00,
-1.18,-3.04,-8.50,-1.00,0.00,0.00,
-1.20,-3.09,-8.53,-1.00,0.00,0.00,
-1.21,-3.14,-8.50,-1.00,0.00,0.00,
-1.13,-3.09,-8.47,-1.00,0.00,0.00,
-1.24,-3.09,-8.55,-1.00,0.00,0.00,
-1.24,-3.13,-8.46,-1.00,0.00,0.00,
-1.16,-3.13,-8.55,-1.00,0.00,0.00,
-1.18,-3.15,-8.44,-1.00,0.00,0.00,
-1.18,-3.12,-8.47,-1.00,0.00,0.00,
-1.21,-3.11,-8.53,-1.00,0.00,0.00,
-1.20,-3.15,-8.55,-1.00,0.00,0.00,
-1.17,-3.14,-8.50,-1.00,0.00,0.00,
-1.25,-3.07,-8.48,-1.00,0.00,0.00,
-1.19,-3.14,-8.54,-1.00,0.00,0.00,
-1.19,-3.11,-8.42,-1.00,0.00,0.00,
-1.18,-3.10,-8.52,-1.00,0.00,0.00,
-1.22,-3.13,-8.51,-1.00,0.00,0.00,
-1.17,-3.14,-8.53,-1.00,0.00,0.00,
-1.19,-3.15,-8.41,-1.00,0.00,0.00,
-1.17,-3.11,-8.49,-1.00,0.00,0.00,
-1.25,-3.16,-8.55,-1.00,0.00,0.00,
-1.17,-3.16,-8.46,-1.00,0.00,0.00,
-1.20,-3.10,-8.50,-1.00,0.00,0.00,
-1.17,-3.13,-8.49,-1.00,0.00,0.00,
-1.21,-3.12,-8.48,-1.00,0.00,0.00,
-1.19,-3.14,-8.49,-1.00,0.00,0.00,
-1.15,-3.10,-8.49,-1.00,0.00,0.00,
-1.23,-3.09,-8.49,-1.00,0.00,0.00,
-1.20,-3.14,-8.52,-1.00,0.00,0.00,
-1.22,-3.11,-8.51,-1.00,0.00,0.00,
-1.17,-3.08,-8.50,-1.00,0.00,0.00,
-1.20,-3.14,-8.50,-1.00,0.00,0.00,
-1.17,-3.11,-8.49,-1.00,0.00,0.00,
-1.15,-3.08,-8.48,-1.00,0.00,0.00,
-1.15,-3.18,-8.52,-1.00,0.00,0.00,
-1.17,-3.07,-8.47,-1.00,0.00,0.00,
-1.18,-3.14,-8.49,-1.00,0.00,0.00,
-1.23,-3.10,-8.45,-1.00,0.00,0.00,
-1.20,-3.08,-8.58,-1.00,0.00,0.00,
-1.14,-3.14,-8.42,-1.00,0.00,0.00,
-1.19,-3.13,-8.52,-1.00,0.00,0.00,
-1.20,-3.13,-8.52,-1.00,0.00,0.00,
-1.17,-3.06,-8.51,-1.00,0.00,0.00,
-1.21,-3.12,-8.49,-1.00,0.00,0.00,
-1.18,-3.12,-8.51,-1.00,0.00,0.00,
-1.20,-3.08,-8.49,-1.00,0.00,0.00,
-1.22,-3.09,-8.57,-1.00,0.00,0.00,
-1.17,-3.15,-8.51,-1.00,0.00,0.00,
-1.18,-3.11,-8.41,-1.00,0.00,0.00,
-1.24,-3.06,-8.51,-1.00,0.00,0.00,
-1.22,-3.14,-8.55,-1.00,0.00,0.00,
-1.19,-3.15,-8.36,-1.00,0.00,0.00,
-1.16,-3.09,-8.40,-1.00,0.00,0.00,
-1.18,-3.16,-8.47,-1.00,0.00,0.00,
-1.20,-3.13,-8.56,-1.00,0.00,0.00,
-1.24,-3.10,-8.50,-1.00,0.00,0.00,
-1.18,-3.07,-8.49,-1.00,0.00,0.00,
-1.21,-3.11,-8.53,-1.00,0.00,0.00,
-1.20,-3.14,-8.46,-1.00,0.00,0.00,
-1.16,-3.11,-8.55,-1.00,0.00,0.00,
-1.21,-3.11,-8.45,-1.00,0.00,0.00,
-1.21,-3.18,-8.42,-1.00,0.00,0.00,
-1.16,-3.07,-8.50,-1.00,0.00,0.00,
-1.13,-3.09,-8.56,-1.00,0.00,0.00,
-1.20,-3.12,-8.50,-1.00,0.00,0.00,
-1.22,-3.08,-8.50,-1.00,0.00,0.00,
-1.16,-3.11,-8.42,-1.00,0.00,0.00,
-1.15,-3.14,-8.42,-1.00,0.00,0.00,
-1.15,-3.14,-8.58,-1.00,0.00,0.00,
-1.19,-3.06,-8.48,-1.00,0.00,0.00,
-1.18,-3.10,-8.50,-1.00,0.00,0.00,
-1.20,-3.09,-8.53,-1.00,0.00,0.00,
-1.18,-3.14,-8.47,-1.00,0.00,0.00,
-1.17,-3.09,-8.50,-1.00,0.00,0.00,
-1.18,-3.06,-8.45,-1.00,0.00,0.00,
-1.19,-3.08,-8.44,-1.00,0.00,0.00,
-1.21,-3.13,-8.52,-1.00,0.00,0.00,
-1.21,-3.14,-8.49,-1.00,0.00,0.00,
-1.18,-3.11,-8.52,-1.00,0.00,0.00,
-1.18,-3.03,-8.50,-1.00,0.00,0.00,
-1.14,-3.15,-8.48,-1.00,0.00,0.00,
-1.21,-3.14,-8.45,-1.00,0.00,0.00,
-1.23,-3.18,-8.51,-1.00,0.00,0.00,
-1.24,-3.09,-8.40,-1.00,0.00,0.00,
-1.16,-3.11,-8.47,-1.00,0.00,0.00,
-1.20,-3.15,-8.58,-1.00,0.00,0.00,
-1.13,-3.15,-8.55,-1.00,0.00,0.00,
-1.14,-3.10,-8.50,-1.00,0.00,0.00,
-1.08,-3.10,-8.50,-1.00,0.00,0.00,
-1.19,-3.14,-8.53,-1.00,0.00,0.00,
-1.14,-3.17,-8.49,-1.00,0.00,0.00,
-1.16,-3.15,-8.52,-1.00,0.00,0.00,
-1.18,-3.13,-8.44,-1.00,0.00,0.00,
-1.20,-3.16,-8.55,-1.00,0.00,0.00,
-1.20,-3.10,-8.51,-1.00,0.00,0.00,
-1.18,-3.07,-8.50,-1.00,0.00,0.00,
-1.24,-3.17,-8.58,-1.00,0.00,0.00,
-1.17,-3.18,-8.54,-1.00,0.00,0.00,
-1.21,-3.11,-8.49,-1.00,0.00,0.00,
-1.13,-3.12,-8.45,-1.00,0.00,0.00,
-1.22,-3.08,-8.44,-1.00,0.00,0.00,
-1.22,-3.16,-8.44,-1.00,0.00,0.00,
-1.24,-3.15,-8.56,-1.00,0.00,0.00,
-1.22,-3.14,-8.49,-1.00,0.00,0.00,
-1.17,-3.09,-8.52,-1.00,0.00,0.00,
-1.18,-3.07,-8.49,-1.00,0.00,0.00,
-1.21,-3.09,-8.46,-1.00,0.00,0.00,
-1.16,-3.13,-8.49,-1.00,0.00,0.00,
-1.20,-3.16,-8.45,-1.00,0.00,0.00,
-1.20,-3.12,-8.49,-1.00,0.00,0.00,
-1.23,-3.15,-8.50,-1.00,0.00,0.00,
-1.16,-3.12,-8.53,-1.00,0.00,0.00,
-1.17,-3.11,-8.52,-1.00,0.00,0.00,
-1.18,-3.11,-8.55,-1.00,0.00,0.00,
-1.21,-3.14,-8.51,-1.00,0.00,0.00,
-1.20,-3.14,-8.54,-1.00,0.00,0.00,
-1.25,-3.08,-8.61,-1.00,0.00,0.00,
-1.16,-3.10,-8.49,-1.00,0.00,0.00,
-1.17,-3.10,-8.55,-1.00,0.00,0.00,
-1.18,-3.13,-8.45,-1.00,0.00,0.00,
-1.16,-3.06,-8.50,-1.00,0.00,0.00,
-1.20,-3.12,-8.48,-1.00,0.00,0.00,
-1.16,-3.12,-8.44,-1.00,0.00,0.00,
-1.18,-3.18,-8.44,-1.00,0.00,0.00,
-1.19,-3.14,-8.59,-1.00,0.00,0.00,
-1.19,-3.11,-8.45,-1.00,0.00,0.00,
-1.15,-3.13,-8.48,-1.00,0.00,0.00,
-1.20,-3.11,-8.50,-1.00,0.00,0.00,
-1.20,-3.15,-8.51,-1.00,0.00,0.00,
-1.16,-3.12,-8.47,-1.00,0.00,0.00,
-1.20,-3.06,-8.56,-1.00,0.00,0.00,
-1.18,-3.10,-8.46,-1.00,0.00,0.00,
-1.19,-3.15,-8.51,-1.00,0.00,0.00,
-1.17,-3.13,-8.46,-1.00,0.00,0.00,
-1.21,-3.15,-8.52,-1.00,0.00,0.00,
-1.12,-3.12,-8.50,-1.00,0.00,0.00,
-1.17,-3.15,-8.50,-1.00,0.00,0.00,
-1.18,-3.07,-8.53,-1.00,0.00,0.00,
-1.18,-3.16,-8.42,-1.00,0.00,0.00,
-1.24,-3.18,-8.50,-1.00,0.00,0.00,
-1.19,-3.10,-8.55,-1.00,0.00,0.00,
-1.20,-3.09,-8.56,-1.00,0.00,0.00,
-1.19,-3.10,-8.51,-1.00,0.00,0.00,
-1.17,-3.16,-8.46,-1.00,0.00,0.00,
-1.15,-3.16,-8.55,-1.00,0.00,0.00,
-1.22,-3.08,-8.56,-1.00,0.00,0.00,
-1.18,-3.08,-8.58,-1.00,0.00,0.00,
-1.19,-3.05,-8.53,-1.00,0.00,0.00,
-1.22,-3.10,-8.51,-1.00,0.00,0.00,
-1.20,-3.12,-8.51,-1.00,0.00,0.00,
-1.19,-3.08,-8.46,-1.00,0.00,0.00,
-1.16,-3.13,-8.57,-1.00,0.00,0.00,
-1.20,-3.14,-8.56,-1.00,0.00,0.00,
-1.22,-3.07,-8.49,-1.00,0.00,0.00,
-1.19,-3.08,-8.50,-1.00,0.00,0.00,
-1.23,-3.19,-8.52,-1.00,0.00,0.00,
-1.17,-3.16,-8.52,-1.00,0.00,0.00,
-1.22,-3.06,-8.48,-1.00,0.00,0.00,
-1.22,-3.09,-8.47,-1.00,0.00,0.00,
-1.14,-3.08,-8.46,-1.00,0.00,0.00,
-1.22,-3.09,-8.51,-1.00,0.00,0.00,
-1.20,-3.09,-8.52,-1.00,0.00,0.00,
-1.16,-3.12,-8.53,-1.00,0.00,0.00,
-1.17,-3.08,-8.44,-1.00,0.00,0.00,
-1.22,-3.16,-8.53,-1.00,0.00,0.00,
-1.24,-3.16,-8.49,-1.00,0.00,0.00,
-1.19,-3.10,-8.46,-1.00,0.00,0.00,
-1.20,-3.09,-8.46,-1.00,0.00,0.00,
-1.24,-3.11,-8.56,-1.00,0.00,0.00,
-1.22,-3.18,-8.54,-1.00,0.00,0.00,
-1.22,-3.13,-8.54,-1.00,0.00,0.00,
-1.21,-3.08,-8.54,-1.00,0.00,0.00,
-1.14,-3.08,-8.45,-1.00,0.00,0.00,
-1.21,-3.12,-8.51,-1.00,0.00,0.00,
-1.25,-3.09,-8.48,-1.00,0.00,0.00,
-1.14,-3.13,-8.51,-1.00,0.00,0.00,
-1.21,-3.11,-8.50,-1.00,0.00,0.00,
-1.21,-3.19,-8.54,-1.00,0.00,0.00,
-1.17,-3.12,-8.48,-1.00,0.00,0.00,
-1.15,-3.10,-8.57,-1.00,0.00,0.00,
-1.17,-3.14,-8.47,-1.00,0.00,0.00,
-1.22,-3.07,-8.49,-1.00,0.00,0.00,
-1.20,-3.13,-8.48,-1.00,0.00,0.00,
-1.19,-3.14,-8.52,-1.00,0.00,0.00,
-1.20,-3.12,-8.54,-1.00,0.00,0.00,
-1.21,-3.11,-8.53,-1.00,0.00,0.00,
-1.26,-3.09,-8.52,-1.00,0.00,0.00,
-1.22,-3.09,-8.47,-1.00,0.00,0.00,
-1.20,-3.15,-8.53,-1.00,0.00,0.00,
-1.16,-3.10,-8.44,-1.00,0.00,0.00,
-1.18,-3.10,-8.39,-1.00,0.00,0.00,
-1.18,-3.13,-8.46,-1.00,0.00,0.00,
-1.19,-3.15,-8.56,-1.00,0.00,0.00,
-1.21,-3.08,-8.52,-1.00,0.00,0.00,
-1.18,-3.15,-8.50,-1.00,0.00,0.00,
-1.22,-3.10,-8.51,-1.00,0.00,0.00,
-1.17,-3.14,-8.49,-1.00,0.00,0.00,
-1.22,-3.18,-8.49,-1.00,0.00,0.00,
-1.20,-3.15,-8.49,-1.00,0.00,0.00,
-1.20,-3.15,-8.51,-1.00,0.00,0.00,
-1.20,-3.12,-8.36,-1.00,0.00,0.00,
-1.21,-3.12,-8.50,-1.00,0.00,0.00,
-1.19,-3.07,-8.55,-1.00,0.00,0.00,
-1.18,-3.11,-8.51,-1.00,0.00,0.00,
-1.18,-3.12,-8.61,-1.00,0.00,0.00,
-1.20,-3.10,-8.54,-1.00,0.00,0.00,
-1.17,-3.08,-8.54,-1.00,0.00,0.00,
-1.22,-3.11,-8.47,-1.00,0.00,0.00,
-1.14,-3.09,-8.51,-1.00,0.00,0.00,
-1.20,-3.12,-8.57,-1.00,0.00,0.00,
-1.20,-3.11,-8.48,-1.00,0.00,0.00,
-1.13,-3.15,-8.49,-1.00,0.00,0.00,
-1.16,-3.08,-8.55,-1.00,0.00,0.00,
-1.22,-3.14,-8.43,-1.00,0.00,0.00,
-1.21,-3.09,-8.51,-1.00,0.00,0.00,
-1.15,-3.10,-8.45,-1.00,0.00,0.00,
-1.18,-3.12,-8.53,-1.00,0.00,0.00,
-1.15,-3.14,-8.48,-1.00,0.00,0.00,
-1.15,-3.20,-8.53,-1.00,0.00,0.00,
-1.20,-3.11,-8.56,-1.00,0.00,0.00,
-1.17,-3.10,-8.50,-1.00,0.00,0.00,
-1.22,-3.12,-8.55,-1.00,0.00,0.00,
-1.20,-3.10,-8.45,-1.00,0.00,0.00,
-1.16,-3.10,-8.52,-1.00,0.00,0.00,
-1.24,-3.10,-8.53,-1.00,0.00,0.00,
-1.21,-3.17,-8.53,-1.00,0.00,0.00,
-1.17,-3.12,-8.51,-1.00,0.00,0.00,
-1.20,-3.14,-8.49,-1.00,0.00,0.00,
-1.22,-3.17,-8.48,-1.00,0.00,0.00,
-1.21,-3.13,-8.53,-1.00,0.00,0.00,
-1.19,-3.11,-8.54,-1.00,0.00,0.00,
-1.22,-3.10,-8.52,-1.00,0.00,0.00,
-1.23,-3.13,-8.51,-1.00,0.00,0.00,
-1.18,-3.12,-8.49,-1.00,0.00,0.00,
-1.24,-3.11,-8.58,-1.00,0.00,0.00,
-1.18,-3.09,-8.50,-1.00,0.00,0.00,
-1.17,-3.11,-8.47,-1.00,0.00,0.00,
-1.17,-3.10,-8.47,-1.00,0.00,0.00,
-1.17,-3.14,-8.53,-1.00,0.00,0.00,
-1.22,-3.11,-8.56,-1.00,0.00,0.00,
-1.17,-3.13,-8.48,-1.00,0.00,0.00,
-1.20,-3.19,-8.49,-1.00,0.00,0.00,
-1.17,-3.12,-8.54,-1.00,0.00,0.00,
-1.25,-3.14,-8.53,-1.00,0.00,0.00,
-1.22,-3.10,-8.52,-1.00,0.00,0.00,
-1.20,-3.09,-8.50,-1.00,0.00,0.00,
-1.19,-3.12,-8.47,-1.00,0.00,0.00,
-1.19,-3.15,-8.50,-1.00,0.00,0.00,
-1.18,-3.21,-8.41,-1.00,0.00,0.00,
-1.19,-3.06,-8.47,-1.00,0.00,0.00,
-1.23,-3.13,-8.50,-1.00,0.00,0.00,
-1.16,-3.11,-8.46,-1.00,0.00,0.00,
-1.17,-3.09,-8.45,-1.00,0.00,0.00,
-1.15,-3.15,-8.50,-1.00,0.00,0.00,
-1.26,-3.13,-8.51,-1.00,0.00,0.00,
-1.17,-3.15,-8.47,-1.00,0.00,0.00,
-1.13,-3.13,-8.47,-1.00,0.00,0.00,
-1.20,-3.14,-8.41,-1.00,0.00,0.00,
-1.19,-3.11,-8.57,-1.00,0.00,0.00,
-1.14,-3.19,-8.56,-1.00,0.00,0.00,
-1.14,-3.11,-8.58,-1.00,0.00,0.00,
-1.18,-3.13,-8.50,-1.00,0.00,0.00,
-1.22,-3.14,-8.34,-1.00,0.00,0.00,
-1.15,-3.11,-8.46,-1.00,0.00,0.00,
-1.19,-3.10,-8.48,-1.00,0.00,0.00,
-1.20,-3.14,-8.47,-1.00,0.00,0.00,
-1.21,-3.11,-8.50,-1.00,0.00,0.00,
-1.16,-3.14,-8.50,-1.00,0.00,0.00,
-1.18,-3.08,-8.52,-1.00,0.00,0.00,
-1.18,-3.09,-8.51,-1.00,0.00,0.00,
-1.22,-3.11,-8.51,-1.00,0.00,0.00,
-1.20,-3.13,-8.46,-1.00,0.00,0.00,
-1.18,-3.07,-8.52,-1.00,0.00,0.00,
-1.22,-3.18,-8.46,-1.00,0.00,0.00,
-1.20,-3.09,-8.54,-1.00,0.00,0.00,
-1.14,-3.12,-8.48,-1.00,0.00,0.00,
-1.20,-3.13,-8.54,-1.00,0.00,0.00,
-1.20,-3.11,-8.50,-1.00,0.00,0.00,
-1.22,-3.03,-8.50,-1.00,0.00,0.00,
-1.22,-3.10,-8.45,-1.00,0.00,0.00,
-1.22,-3.08,-8.50,-1.00,0.00,0.00,
-1.22,-3.14,-8.53,-1.00,0.00,0.00,
-1.20,-3.14,-8.54,-1.00,0.00,0.00,
-1.20,-3.13,-8.42,-1.00,0.00,0.00,
-1.21,-3.13,-8.47,-1.00,0.00,0.00,
-1.15,-3.11,-8.39,-1.00,0.00,0.00,
-1.20,-3.10,-8.42,-1.00,0.00,0.00,
-1.20,-3.10,-8.45,-1.00,0.00,0.00,
-1.19,-3.18,-8.49,-1.00,0.00,0.00,
-1.17,-3.11,-8.60,-1.00,0.00,0.00,
-1.21,-3.12,-8.54,-1.00,0.00,0.00,
-1.19,-3.10,-8.45,-1.00,0.00,0.00,
-1.24,-3.09,-8.51,-1.00,0.00,0.00,
-1.21,-3.14,-8.54,-1.00,0.00,0.00,
-1.19,-3.14,-8.50,-1.00,0.00,0.00,
-1.21,-3.15,-8.44,-1.00,0.00,0.00,
-1.20,-3.10,-8.44,-1.00,0.00,0.00,
-1.20,-3.11,-8.50,-1.00,0.00,0.00,
-1.22,-3.14,-8.51,-1.00,0.00,0.00,
-1.20,-3.12,-8.54,-1.00,0.00,0.00,
-1.20,-3.16,-8.58,-1.00,0.00,0.00,
-1.20,-3.13,-8.50,-1.00,0.00,0.00,
-1.25,-3.13,-8.50,-1.00,0.00,0.00,
-1.24,-3.13,-8.41,-1.00,0.00,0.00,
-1.15,-3.12,-8.49,-1.00,0.00,0.00,
-1.15,-3.06,-8.53,-1.00,0.00,0.00,
-1.14,-3.10,-8.51,-1.00,0.00,0.00,
-1.21,-3.12,-8.45,-1.00,0.00,0.00,
-1.22,-3.14,-8.55,-1.00,0.00,0.00,
-1.19,-3.19,-8.54,-1.00,0.00,0.00,
-1.16,-3.10,-8.48,-1.00,0.00,0.00,
-1.16,-3.10,-8.50,-1.00,0.00,0.00,
-1.19,-3.13,-8.48,-1.00,0.00,0.00,
-1.19,-3.08,-8.50,-1.00,0.00,0.00,
-1.19,-3.16,-8.48,-1.00,0.00,0.00,
-1.17,-3.13,-8.50,-1.00,0.00,0.00,
-1.21,-3.17,-8.49,-1.00,0.00,0.00,
-1.15,-3.17,-8.50,-1.00,0.00,0.00,
-1.19,-3.13,-8.41,-1.00,0.00,0.00,
-1.15,-3.11,-8.53,-1.00,0.00,0.00,
-1.24,-3.10,-8.58,-1.00,0.00,0.00,
-1.21,-3.15,-8.53,-1.00,0.00,0.00,
-1.15,-3.14,-8.46,-1.00,0.00,0.00,
-1.21,-3.08,-8.50,-1.00,0.00,0.00,
-1.23,-3.15,-8.52,-1.00,0.00,0.00,
-1.14,-3.17,-8.49,-1.00,0.00,0.00,
-1.17,-3.08,-8.56,-1.00,0.00,0.00,
-1.19,-3.12,-8.57,-1.00,0.00,0.00,
-1.17,-3.10,-8.46,-1.00,0.00,0.00,
-1.21,-3.06,-8.46,-1.00,0.00,0.00,
-1.20,-3.12,-8.47,-1.00,0.00,0.00,
-1.20,-3.11,-8.45,-1.00,0.00,0.00,
-1.19,-3.12,-8.54,-1.00,0.00,0.00,
-1.18,-3.08,-8.47,-1.00,0.00,0.00,
-1.22,-3.14,-8.52,-1.00,0.00,0.00,
-1.20,-3.11,-8.44,-1.00,0.00,0.00,
-1.20,-3.17,-8.44,-1.00,0.00,0.00,
-1.18,-3.13,-8.45,-1.00,0.00,0.00,
-1.24,-3.13,-8.51,-1.00,0.00,0.00,
-1.20,-3.08,-8.51,-1.00,0.00,0.00,
-1.16,-3.12,-8.46,-1.00,0.00,0.00,
-1.22,-3.13,-8.57,-1.00,0.00,0.00,
-1.15,-3.17,-8.53,-1.00,0.00,0.00,
-1.20,-3.07,-8.46,-1.00,0.00,0.00,
-1.22,-3.14,-8.51,-1.00,0.00,0.00,
-1.18,-3.13,-8.50,-1.00,0.00,0.00,
-1.17,-3.07,-8.50,-1.00,0.00,0.00,
-1.15,-3.13,-8.53,-1.00,0.00,0.00,
-1.16,-3.12,-8.52,-1.00,0.00,0.00,
-1.21,-3.10,-8.46,-1.00,0.00,0.00,
-1.16,-3.09,-8.49,-1.00,0.00,0.00,
-1.14,-3.12,-8.57,-1.00,0.00,0.00,
-1.14,-3.12,-8.56,-1.00,0.00,0.00,
-1.27,-3.13,-8.53,-1.00,0.00,0.00,
-1.23,-3.13,-8.47,-1.00,0.00,0.00,
-1.15,-3.10,-8.51,-1.00,0.00,0.00,
-1.26,-3.14,-8.51,-1.00,0.00,0.00,
-1.21,-3.11,-8.47,-1.00,0.00,0.00,
-1.14,-3.12,-8.51,-1.00,0.00,0.00,
-1.29,-3.04,-8.42,-1.00,0.00,0.00,
-1.21,-3.12,-8.54,-1.00,0.00,0.00,
-1.21,-3.09,-8.46,-1.00,0.00,0.00,
-1.20,-3.15,-8.50,-1.00,0.00,0.00,
