9.54,-0.89,-3.57,0.00,0.00,0.00,9.70,0.41,-5.08,-2.00,0.00,0.00
9.53,-0.80,-3.58,0.00,1.00,0.00,9.68,0.42,-5.13,-2.00,0.00,0.00
9.54,-0.94,-3.59,0.00,1.00,-1.00,9.71,0.43,-5.10,-3.00,0.00,0.00
9.56,-0.97,-3.79,-1.00,1.00,-1.00,9.70,0.41,-5.11,-2.00,0.00,1.00
9.67,-1.05,-3.66,-1.00,1.00,-1.00,9.73,0.46,-5.27,-2.00,0.00,1.00
9.67,-1.09,-3.75,-1.00,1.00,0.00,9.71,0.46,-5.13,-2.00,0.00,1.00
9.59,-0.95,-3.62,-1.00,0.00,0.00,9.72,0.45,-5.11,-2.00,0.00,0.00
9.60,-0.94,-3.56,-1.00,0.00,0.00,9.70,0.42,-5.23,-2.00,0.00,1.00
9.70,-0.91,-3.64,-1.00,1.00,-1.00,9.67,0.42,-5.10,-2.00,0.00,1.00
9.53,-0.84,-3.60,-2.00,1.00,-1.00,9.64,0.45,-5.19,-3.00,0.00,1.00
9.65,-1.04,-3.71,0.00,0.00,0.00,9.70,0.45,-5.19,-2.00,0.00,0.00
9.54,-0.99,-3.66,-1.00,0.00,-1.00,9.68,0.49,-5.14,-2.00,0.00,0.00
9.64,-1.00,-3.56,0.00,0.00,0.00,9.71,0.40,-5.23,-2.00,0.00,1.00
9.54,-0.94,-3.73,-1.00,1.00,0.00,9.74,0.43,-5.13,-2.00,0.00,1.00
9.55,-0.97,-3.71,-1.00,0.00,0.00,9.68,0.56,-5.18,-2.00,0.00,1.00
9.56,-1.00,-3.67,-1.00,0.00,0.00,9.74,0.48,-5.08,-2.00,0.00,1.00
9.61,-0.97,-3.57,-1.00,0.00,0.00,9.77,0.45,-5.11,-2.00,0.00,0.00
9.60,-1.00,-3.58,-1.00,1.00,0.00,9.69,0.42,-5.17,-2.00,0.00,1.00
9.61,-0.87,-3.72,-1.00,1.00,0.00,9.67,0.41,-5.09,-2.00,0.00,1.00
9.58,-0.96,-3.74,-2.00,0.00,0.00,9.69,0.43,-5.12,-3.00,0.00,1.00
9.54,-1.01,-3.71,-1.00,0.00,0.00,9.74,0.50,-5.17,-2.00,0.00,1.00
9.60,-1.00,-3.72,-1.00,1.00,0.00,9.64,0.47,-5.18,-2.00,0.00,0.00
9.60,-0.98,-3.69,-1.00,1.00,0.00,9.65,0.46,-5.13,-2.00,0.00,0.00
9.55,-0.95,-3.75,-2.00,0.00,0.00,9.67,0.41,-5.17,-2.00,0.00,1.00
9.58,-0.93,-3.55,-2.00,0.00,0.00,9.74,0.42,-5.04,-2.00,0.00,0.00
9.55,-1.00,-3.64,-2.00,1.00,0.00,9.69,0.50,-5.10,-2.00,0.00,1.00
9.61,-0.97,-3.68,-2.00,0.00,0.00,9.72,0.44,-5.25,-2.00,0.00,0.00
9.52,-0.89,-3.83,-2.00,0.00,0.00,9.70,0.42,-5.18,-2.00,0.00,1.00
9.56,-0.94,-3.69,-2.00,0.00,0.00,9.76,0.49,-5.09,-2.00,0.00,1.00
9.51,-0.97,-3.61,-1.00,0.00,0.00,9.66,0.48,-5.12,-2.00,0.00,1.00
9.58,-0.95,-3.67,-1.00,1.00,0.00,9.70,0.47,-5.13,-2.00,0.00,0.00
9.57,-0.91,-3.66,-1.00,1.00,0.00,9.97,1.05,-4.79,1.00,-1.00,1.00
9.60,-0.93,-3.68,-1.00,1.00,0.00,11.84,4.76,-6.11,41.00,-32.00,-31.00
9.60,-0.91,-3.65,-1.00,1.00,0.00,11.96,4.90,-11.11,34.00,-97.00,-113.00
9.56,-0.93,-3.66,-1.00,1.00,-1.00,6.99,3.03,-15.41,0.00,-131.00,-122.00
9.62,-1.03,-3.60,-1.00,1.00,0.00,2.52,1.58,-12.96,-9.00,-131.00,-97.00
9.58,-0.96,-3.69,-1.00,0.00,0.00,-2.85,-2.34,-9.33,33.00,-131.00,-49.00
9.58,-1.00,-3.79,-1.00,1.00,0.00,-4.10,-2.06,-5.14,76.00,-94.00,-13.00
9.61,-0.95,-3.70,-1.00,1.00,0.00,-1.47,2.01,-1.59,56.00,-33.00,31.00
9.62,-0.96,-3.65,-1.00,1.00,0.00,-4.88,4.03,-1.01,33.00,21.00,31.00
9.56,-1.00,-3.69,-1.00,1.00,0.00,-6.52,5.77,-1.95,-6.00,65.00,28.00
9.52,-1.00,-3.66,-1.00,1.00,0.00,-7.18,7.84,-7.75,-42.00,97.00,-12.00
9.61,-0.99,-3.67,-1.00,0.00,0.00,-10.69,4.26,-17.97,-45.00,43.00,-85.00
9.53,-0.97,-3.64,-1.00,1.00,0.00,-10.98,-1.52,-14.14,-29.00,-64.00,-71.00
9.61,-0.95,-3.62,-1.00,1.00,0.00,-7.42,-3.26,-8.85,17.00,-95.00,-52.00
9.58,-1.06,-3.77,-1.00,1.00,0.00,-4.45,-2.27,-4.71,49.00,-70.00,5.00
9.54,-1.03,-3.64,-2.00,1.00,-1.00,-3.84,-0.34,-1.82,69.00,-17.00,25.00
9.58,-1.07,-3.69,-1.00,0.00,0.00,-3.98,3.70,-0.51,64.00,31.00,28.00
9.58,-0.97,-3.50,-1.00,1.00,0.00,-4.91,6.49,-1.94,26.00,78.00,28.00
9.59,-0.95,-3.57,-1.00,1.00,0.00,-6.80,8.83,-7.00,-15.00,108.00,13.00
9.59,-1.00,-3.68,-1.00,1.00,0.00,-9.33,8.95,-13.27,-75.00,80.00,-28.00
9.61,-1.03,-3.56,-1.00,1.00,0.00,-12.35,-0.21,-15.54,-55.00,-15.00,-81.00
9.81,-1.60,-3.72,-2.00,0.00,0.00,-8.75,0.06,-12.62,-31.00,-94.00,-52.00
10.64,-4.84,-5.11,-52.00,-29.00,12.00,-6.22,-1.13,-5.68,13.00,-98.00,-45.00
12.85,-3.71,-9.88,-131.00,-122.00,83.00,-5.33,-1.21,-2.42,54.00,-59.00,-17.00
7.50,-2.25,-17.91,30.00,-131.00,82.00,-3.26,2.14,0.45,68.00,-5.00,14.00
3.39,3.73,-11.38,-8.00,-131.00,30.00,-4.90,4.80,0.36,54.00,61.00,24.00
0.26,3.66,-10.09,-44.00,-131.00,-2.00,-7.54,7.06,-2.91,8.00,85.00,23.00
-2.49,3.08,-3.24,-95.00,-131.00,-56.00,-8.14,6.41,-6.50,-30.00,73.00,13.00
-0.82,-3.69,0.49,-78.00,-32.00,-61.00,-7.68,7.39,-9.66,-58.00,81.00,-13.00
-2.37,-6.00,0.13,-46.00,57.00,0.00,-12.76,3.13,-15.35,-54.00,-12.00,-66.00
-4.86,-4.87,-4.12,-13.00,114.00,7.00,-8.35,2.67,-10.33,-28.00,-63.00,-64.00
-8.83,-6.52,-10.73,13.00,78.00,54.00,-7.00,-3.09,-6.08,21.00,-86.00,-43.00
-10.31,2.12,-18.33,38.00,23.00,77.00,-4.63,-0.99,-3.39,53.00,-65.00,-7.00
-8.40,2.67,-13.23,16.00,-66.00,34.00,-3.31,1.95,-0.24,61.00,-15.00,12.00
-7.23,3.51,-11.02,-6.00,-98.00,23.00,-4.63,3.41,0.14,57.00,52.00,23.00
-5.46,5.73,-5.11,-52.00,-114.00,-6.00,-5.16,7.74,-3.50,22.00,102.00,36.00
-2.63,2.43,-1.76,-65.00,-56.00,-49.00,-7.42,10.85,-7.73,-37.00,122.00,18.00
-2.40,-2.29,1.60,-81.00,-1.00,-19.00,-9.24,8.19,-12.54,-74.00,75.00,-47.00
-3.61,-5.91,-1.34,-55.00,89.00,0.00,-11.57,1.96,-15.69,-67.00,-18.00,-60.00
-5.82,-7.90,-3.81,-3.00,125.00,5.00,-8.42,0.35,-11.72,-12.00,-75.00,-64.00
-9.08,-5.37,-12.08,18.00,98.00,87.00,-6.26,-1.95,-6.88,28.00,-89.00,-26.00
-10.21,2.06,-17.42,48.00,12.00,62.00,-3.60,-0.10,-2.62,61.00,-64.00,1.00
-8.20,4.24,-13.23,21.00,-70.00,47.00,-3.60,2.02,0.56,72.00,-3.00,18.00
-6.75,4.62,-10.07,-6.00,-100.00,12.00,-4.57,4.05,-0.03,52.00,83.00,23.00
-6.18,4.58,-5.62,-40.00,-99.00,-13.00,-6.21,6.08,-6.00,7.00,119.00,25.00
-3.99,2.42,-1.33,-69.00,-67.00,-34.00,-8.20,8.10,-9.94,-21.00,95.00,-11.00
-2.48,-2.97,1.75,-73.00,-5.00,-31.00,-7.40,9.29,-14.38,-47.00,65.00,-77.00
-2.89,-6.51,0.47,-44.00,73.00,0.00,-9.17,2.02,-15.60,-57.00,-42.00,-70.00
-5.46,-5.73,-3.11,-10.00,103.00,13.00,-6.69,-0.62,-11.22,7.00,-90.00,-71.00
-8.78,-6.33,-7.99,34.00,106.00,20.00,-5.13,-0.72,-6.28,34.00,-82.00,-31.00
-10.58,-1.36,-12.85,35.00,56.00,93.00,-4.98,-0.93,-3.05,61.00,-47.00,-6.00
-11.27,2.10,-15.17,29.00,-40.00,47.00,-4.94,0.70,-0.52,68.00,15.00,6.00
-8.34,1.68,-11.37,14.00,-85.00,40.00,-5.56,2.23,-2.50,54.00,59.00,16.00
-6.44,4.29,-7.60,-30.00,-108.00,17.00,-5.82,6.25,-3.96,6.00,93.00,54.00
-4.46,3.00,-2.41,-44.00,-80.00,-25.00,-7.30,8.41,-8.40,-38.00,101.00,14.00
-3.25,-0.80,0.55,-68.00,-34.00,-22.00,-9.74,7.64,-13.98,-78.00,52.00,-52.00
-3.06,-3.94,1.07,-60.00,34.00,-17.00,-8.37,3.52,-14.76,-54.00,-30.00,-84.00
-5.06,-6.17,-1.42,-28.00,119.00,-7.00,-8.04,-2.37,-11.76,-1.00,-84.00,-69.00
-6.45,-5.26,-8.95,-14.00,131.00,4.00,-5.64,-1.81,-6.73,49.00,-84.00,-29.00
-6.98,-8.20,-13.57,37.00,93.00,54.00,-5.17,-1.60,-3.22,61.00,-53.00,0.00
-11.67,1.20,-15.31,34.00,-14.00,86.00,-3.74,0.46,-0.74,66.00,1.00,26.00
-8.60,4.10,-13.24,0.00,-78.00,49.00,-4.97,3.09,-0.88,56.00,62.00,32.00
-6.00,3.41,-9.87,-31.00,-118.00,19.00,-5.56,6.55,-3.94,19.00,98.00,37.00
-3.25,2.85,-2.82,-33.00,-91.00,-33.00,-8.12,8.71,-9.20,-11.00,100.00,11.00
-2.61,-0.52,-0.61,-59.00,-27.00,-33.00,-6.96,8.82,-12.33,-54.00,78.00,-37.00
-3.86,-3.76,0.59,-56.00,27.00,-29.00,-9.66,3.43,-17.61,-54.00,1.00,-77.00
-4.95,-5.81,-1.70,-36.00,84.00,-4.00,-7.29,0.90,-14.06,-22.00,-83.00,-82.00
-7.27,-4.93,-5.38,-4.00,113.00,6.00,-6.15,-2.18,-7.14,28.00,-104.00,-50.00
-7.19,-7.33,-9.46,31.00,98.00,27.00,-4.67,-1.36,-3.25,68.00,-60.00,-2.00
-11.57,-0.69,-16.59,24.00,19.00,80.00,-4.07,1.03,-0.86,73.00,-24.00,26.00
-9.04,1.52,-13.21,15.00,-78.00,50.00,-4.13,2.97,-0.58,72.00,34.00,26.00
-6.65,2.32,-9.10,-5.00,-105.00,41.00,-3.63,6.45,-1.89,46.00,86.00,35.00
-5.60,3.76,-4.73,-33.00,-92.00,0.00,-6.39,9.13,-7.78,0.00,103.00,16.00
-4.61,1.94,-1.23,-40.00,-49.00,-29.00,-7.70,10.51,-12.90,-59.00,94.00,-45.00
-3.60,-1.70,1.29,-60.00,-8.00,-25.00,-9.33,4.38,-15.56,-56.00,2.00,-90.00
-4.75,-2.82,0.60,-56.00,52.00,-12.00,-7.40,1.56,-12.91,-29.00,-77.00,-76.00
-5.65,-6.53,-3.33,-46.00,87.00,13.00,-6.44,-0.82,-8.07,8.00,-96.00,-46.00
-8.46,-6.51,-7.02,8.00,95.00,19.00,-4.31,-1.70,-3.76,47.00,-70.00,-7.00
-10.23,-4.11,-8.54,40.00,77.00,33.00,-2.61,0.51,-0.81,73.00,-28.00,14.00
-11.81,-2.11,-13.21,29.00,-5.00,84.00,-3.78,3.82,-0.25,83.00,60.00,22.00
-11.08,4.04,-12.46,8.00,-89.00,59.00,-5.15,7.57,-4.17,35.00,106.00,32.00
-6.57,3.41,-8.05,-41.00,-109.00,24.00,-8.43,10.70,-8.72,-31.00,94.00,0.00
-3.97,2.12,-2.37,-54.00,-80.00,-17.00,-9.53,8.24,-13.57,-59.00,65.00,-58.00
-3.19,-1.15,0.91,-59.00,-24.00,-15.00,-10.37,1.60,-15.20,-46.00,-22.00,-86.00
-3.97,-2.36,1.79,-49.00,48.00,-11.00,-8.04,0.43,-13.03,-9.00,-71.00,-69.00
-5.51,-4.17,-2.13,-23.00,112.00,-8.00,-5.81,-0.82,-6.50,35.00,-84.00,-35.00
-7.91,-5.65,-6.06,13.00,124.00,7.00,-3.72,-0.26,-2.30,71.00,-63.00,-3.00
-9.83,-2.73,-11.90,22.00,65.00,39.00,-3.54,1.60,-0.11,76.00,-6.00,23.00
-9.40,-0.53,-13.25,32.00,4.00,42.00,-4.75,4.19,-0.78,67.00,57.00,29.00
-10.14,1.19,-13.38,14.00,-64.00,50.00,-4.55,7.36,-3.00,25.00,103.00,34.00
-8.03,2.94,-10.51,-13.00,-109.00,37.00,-7.29,10.40,-9.22,-34.00,114.00,-3.00
-4.98,2.70,-4.75,-39.00,-107.00,2.00,-10.83,8.39,-17.06,-75.00,60.00,-86.00
-3.61,0.99,-0.18,-54.00,-59.00,-10.00,-9.72,2.53,-15.03,-51.00,-56.00,-74.00
-4.12,-1.08,0.45,-54.00,1.00,-7.00,-6.06,0.34,-10.06,4.00,-95.00,-63.00
-5.38,-3.35,2.20,-50.00,58.00,-7.00,-3.78,-1.46,-5.06,33.00,-89.00,-19.00
-5.67,-4.24,-0.50,-12.00,121.00,-24.00,-3.79,-0.46,-0.82,61.00,-46.00,8.00
-7.63,-7.25,-6.63,17.00,121.00,-15.00,-4.28,1.43,0.91,74.00,28.00,17.00
-9.52,-5.43,-14.16,28.00,86.00,77.00,-4.48,4.58,-2.67,62.00,81.00,29.00
-12.25,0.15,-14.11,29.00,-27.00,89.00,-4.86,10.12,-4.87,14.00,106.00,30.00
-8.70,2.39,-12.16,15.00,-86.00,51.00,-6.84,11.93,-10.61,-37.00,105.00,-35.00
-6.05,3.91,-6.72,-21.00,-105.00,27.00,-7.91,8.18,-15.86,-80.00,52.00,-81.00
-4.61,3.75,-2.44,-60.00,-88.00,-1.00,-8.97,0.49,-15.06,-48.00,-42.00,-95.00
-1.88,-0.07,0.51,-71.00,-25.00,-27.00,-7.26,-0.71,-12.41,-7.00,-82.00,-52.00
-2.70,-3.67,1.03,-73.00,55.00,-8.00,-5.11,-0.57,-7.14,24.00,-90.00,-16.00
-4.35,-5.94,-2.44,-33.00,126.00,-13.00,-3.81,0.33,-1.75,57.00,-65.00,-1.00
-6.04,-7.76,-7.41,15.00,131.00,-22.00,-4.25,1.40,-0.26,67.00,-10.00,20.00
-10.04,-9.08,-14.27,43.00,61.00,49.00,-4.76,4.84,0.73,62.00,43.00,34.00
-10.46,-0.35,-14.28,49.00,-18.00,79.00,-4.13,6.73,-1.60,43.00,75.00,51.00
-8.09,2.18,-12.31,20.00,-77.00,53.00,-3.61,9.72,-5.20,9.00,112.00,18.00
-6.67,4.28,-8.78,-26.00,-113.00,31.00,-6.15,11.78,-13.62,-25.00,131.00,-71.00
-3.87,2.31,-3.40,-54.00,-96.00,-18.00,-8.69,7.27,-17.82,-39.00,18.00,-115.00
-2.47,-1.52,-0.24,-78.00,-49.00,-20.00,-7.91,-0.39,-14.52,-34.00,-77.00,-62.00
-3.47,-5.09,2.04,-70.00,30.00,-7.00,-5.22,0.80,-8.17,6.00,-93.00,-60.00
-3.92,-6.60,-1.17,-33.00,106.00,11.00,-5.20,-2.50,-4.11,37.00,-71.00,-12.00
-6.51,-6.83,-8.02,25.00,131.00,18.00,-4.77,-0.69,-1.52,66.00,-32.00,14.00
-11.36,-3.30,-12.98,34.00,84.00,83.00,-4.10,2.42,0.67,81.00,19.00,22.00
-11.12,1.24,-16.27,33.00,-14.00,85.00,-4.53,6.88,-2.58,55.00,82.00,38.00
-9.14,3.50,-13.24,7.00,-83.00,47.00,-6.60,9.28,-5.67,0.00,90.00,21.00
-6.09,4.12,-10.21,-35.00,-115.00,29.00,-6.88,7.75,-8.70,-42.00,81.00,-9.00
-2.36,3.10,-3.21,-41.00,-92.00,-30.00,-7.66,7.99,-14.93,-40.00,61.00,-84.00
-1.98,-0.23,0.65,-60.00,-35.00,-23.00,-10.29,1.41,-16.58,-51.00,-38.00,-80.00
-4.39,-1.75,1.79,-79.00,43.00,-6.00,-6.34,0.95,-11.03,-6.00,-81.00,-65.00
-4.67,-3.59,-1.15,-54.00,115.00,-15.00,-5.52,-0.82,-7.29,9.00,-87.00,-24.00
-4.40,-7.84,-7.31,-17.00,131.00,1.00,-4.37,-1.06,-3.78,57.00,-70.00,-5.00
-9.83,-6.07,-12.69,33.00,71.00,27.00,-3.74,1.48,0.16,78.00,-20.00,13.00
-8.08,-1.79,-13.41,49.00,47.00,91.00,-4.11,2.90,1.28,76.00,61.00,31.00
-10.08,3.31,-15.93,31.00,-45.00,69.00,-4.10,6.22,-3.21,42.00,101.00,51.00
-6.91,4.78,-12.45,-24.00,-101.00,37.00,-5.68,9.75,-7.37,0.00,109.00,12.00
-4.24,3.81,-8.30,-41.00,-106.00,-14.00,-7.19,10.69,-12.00,-50.00,90.00,-44.00
-2.79,1.62,-2.49,-54.00,-77.00,-32.00,-7.86,7.05,-17.70,-56.00,26.00,-88.00
-2.82,-1.48,0.61,-60.00,-21.00,-31.00,-8.23,2.01,-13.23,-39.00,-67.00,-72.00
-3.26,-4.29,1.58,-68.00,46.00,-13.00,-6.54,0.60,-8.86,9.00,-89.00,-66.00
-3.96,-5.17,-2.62,-37.00,117.00,-10.00,-5.74,-0.73,-4.37,29.00,-69.00,-23.00
-4.78,-7.37,-7.87,1.00,131.00,0.00,-5.15,-0.37,-1.81,52.00,-39.00,1.00
-5.86,-6.82,-12.17,38.00,106.00,54.00,-4.07,1.37,-0.56,57.00,4.00,24.00
-8.96,-0.57,-18.52,21.00,10.00,94.00,-5.21,3.83,-0.78,57.00,60.00,35.00
-7.59,3.83,-15.73,0.00,-87.00,58.00,-6.44,7.06,-2.95,27.00,84.00,45.00
-5.20,2.11,-10.80,-16.00,-113.00,32.00,-6.66,10.35,-8.71,-11.00,88.00,15.00
-4.80,3.27,-6.08,-36.00,-103.00,6.00,-6.89,11.91,-10.99,-55.00,82.00,-46.00
-3.80,2.95,-1.96,-44.00,-69.00,-36.00,-8.56,3.44,-16.04,-47.00,9.00,-106.00
-3.50,-0.74,1.14,-68.00,-17.00,-29.00,-8.28,1.06,-12.90,-30.00,-63.00,-72.00
-4.07,-3.19,1.15,-75.00,59.00,-13.00,-7.24,-1.12,-7.66,7.00,-78.00,-41.00
-4.55,-5.89,-2.93,-39.00,117.00,-6.00,-5.85,-1.13,-4.62,35.00,-59.00,-9.00
-6.77,-5.40,-9.54,-8.00,99.00,15.00,-4.06,0.23,-1.98,68.00,-38.00,10.00
-9.02,-5.40,-11.92,21.00,78.00,34.00,-4.04,3.53,-0.12,77.00,13.00,27.00
-9.43,-1.38,-15.63,28.00,15.00,89.00,-4.53,5.85,-1.04,52.00,59.00,49.00
-9.72,3.64,-15.17,26.00,-70.00,55.00,-6.16,7.93,-4.63,21.00,87.00,31.00
-5.83,2.29,-10.95,-8.00,-114.00,45.00,-6.42,10.52,-7.91,-25.00,82.00,9.00
-4.79,4.34,-5.02,-34.00,-105.00,12.00,-7.70,9.03,-12.74,-63.00,61.00,-52.00
-3.13,1.69,-1.43,-40.00,-49.00,-25.00,-8.90,4.16,-15.93,-49.00,-19.00,-83.00
-3.34,0.17,0.55,-62.00,-5.00,-21.00,-7.24,1.03,-12.38,-16.00,-72.00,-64.00
-4.37,-2.49,0.56,-49.00,64.00,-33.00,-6.42,-0.71,-7.84,5.00,-83.00,-29.00
-4.85,-5.08,-4.25,-42.00,119.00,-18.00,-5.29,1.24,-3.51,40.00,-63.00,-12.00
-6.50,-7.93,-12.40,2.00,131.00,1.00,-4.67,0.98,0.15,64.00,-32.00,-1.00
-8.96,-4.16,-14.94,27.00,74.00,82.00,-3.93,1.99,1.16,67.00,30.00,11.00
-9.82,1.33,-15.80,23.00,8.00,104.00,-4.52,4.33,-1.38,38.00,86.00,33.00
-7.14,1.63,-14.43,7.00,-77.00,58.00,-4.92,6.80,-6.68,5.00,109.00,36.00
-5.72,1.73,-11.14,-10.00,-112.00,35.00,-8.71,9.35,-12.19,-46.00,89.00,2.00
-4.73,3.74,-6.79,-34.00,-102.00,7.00,-9.89,6.48,-17.33,-36.00,29.00,-93.00
-3.91,2.36,-1.21,-45.00,-72.00,-14.00,-8.20,3.61,-14.76,-37.00,-44.00,-82.00
-3.99,0.33,0.40,-60.00,-15.00,-19.00,-5.82,0.63,-10.36,7.00,-82.00,-81.00
-4.33,-2.46,1.73,-72.00,39.00,-18.00,-6.04,-2.29,-5.99,22.00,-66.00,-20.00
-4.32,-5.11,-2.19,-50.00,108.00,-14.00,-4.65,-0.15,-3.27,60.00,-55.00,-4.00
-5.97,-7.39,-7.39,-4.00,116.00,-27.00,-3.40,1.75,-0.09,62.00,-11.00,18.00
-8.72,-6.85,-10.03,18.00,85.00,27.00,-4.36,3.72,-0.11,53.00,54.00,40.00
-8.88,-2.56,-13.58,22.00,42.00,118.00,-4.87,6.51,-3.92,35.00,91.00,50.00
-9.48,3.14,-15.29,14.00,-56.00,70.00,-7.76,8.19,-9.17,-9.00,107.00,26.00
-6.53,2.45,-11.34,-14.00,-99.00,34.00,-9.63,9.01,-13.60,-55.00,94.00,-40.00
-5.25,3.35,-5.75,-37.00,-101.00,13.00,-9.41,4.45,-15.69,-47.00,-3.00,-95.00
-4.32,3.07,-3.03,-47.00,-67.00,-20.00,-7.30,2.89,-12.98,-29.00,-63.00,-78.00
-3.16,0.10,0.46,-54.00,-25.00,-37.00,-6.67,-1.42,-9.30,10.00,-86.00,-57.00
-3.64,-3.49,1.67,-77.00,36.00,-13.00,-4.84,-0.43,-6.00,28.00,-67.00,-12.00
-4.66,-5.71,-2.70,-57.00,90.00,11.00,-3.65,0.61,-2.09,57.00,-47.00,0.00
-5.35,-6.12,-5.12,7.00,124.00,-11.00,-3.63,2.79,1.44,61.00,0.00,29.00
-7.24,-5.77,-8.66,16.00,106.00,39.00,-3.92,3.34,-0.34,44.00,61.00,51.00
-9.24,-2.87,-15.93,35.00,41.00,81.00,-5.57,8.29,-2.85,37.00,81.00,56.00
-8.06,0.92,-16.78,32.00,-51.00,64.00,-6.06,11.49,-8.82,-27.00,98.00,34.00
-6.44,2.55,-12.28,6.00,-89.00,38.00,-6.91,12.25,-12.90,-37.00,100.00,-76.00
-4.44,3.99,-8.67,-28.00,-107.00,22.00,-11.54,4.15,-15.58,-48.00,-25.00,-91.00
-3.93,3.37,-2.37,-37.00,-80.00,-17.00,-6.39,2.72,-11.49,-12.00,-73.00,-104.00
-3.69,0.34,0.83,-70.00,-41.00,-16.00,-5.58,-2.58,-7.01,9.00,-80.00,-42.00
-3.56,-3.23,0.87,-54.00,26.00,-30.00,-4.07,-1.20,-3.73,53.00,-48.00,-8.00
-4.62,-5.08,-1.42,-46.00,86.00,-2.00,-4.29,0.47,-1.20,68.00,-9.00,21.00
-6.36,-3.77,-4.25,-31.00,104.00,9.00,-4.37,3.50,-0.34,71.00,41.00,42.00
-7.98,-5.99,-12.64,19.00,122.00,-14.00,-4.91,6.54,-3.07,49.00,80.00,53.00
-9.11,-3.98,-15.76,38.00,67.00,59.00,-4.48,9.45,-6.33,8.00,95.00,19.00
-10.00,0.25,-15.43,58.00,-27.00,66.00,-8.47,13.53,-12.38,-50.00,96.00,-35.00
-7.41,0.54,-12.32,23.00,-86.00,54.00,-9.25,5.98,-15.78,-62.00,24.00,-115.00
-5.33,1.68,-9.22,-15.00,-105.00,58.00,-7.59,2.91,-14.12,-39.00,-68.00,-78.00
-4.60,4.40,-3.41,-35.00,-83.00,0.00,-5.42,-0.90,-8.08,20.00,-85.00,-80.00
-3.21,1.37,-0.96,-58.00,-40.00,-26.00,-5.91,-1.84,-4.86,40.00,-55.00,-19.00
-3.41,-2.49,0.71,-62.00,8.00,-38.00,-3.34,-0.43,-1.86,70.00,-26.00,12.00
-4.41,-5.70,-0.90,-54.00,70.00,-2.00,-3.71,2.23,-0.11,80.00,28.00,26.00
-6.37,-5.83,-3.50,-22.00,108.00,-7.00,-5.16,6.00,-2.36,53.00,63.00,47.00
-8.33,-7.07,-9.16,12.00,94.00,-4.00,-5.43,8.73,-4.83,16.00,86.00,49.00
-10.11,-5.91,-12.99,33.00,74.00,49.00,-7.50,10.62,-9.39,-30.00,104.00,-1.00
-10.75,0.99,-17.52,29.00,-27.00,79.00,-8.53,7.50,-14.08,-45.00,76.00,-74.00
-6.68,3.21,-12.40,7.00,-88.00,52.00,-9.72,3.59,-16.14,-47.00,-34.00,-82.00
-5.58,4.10,-9.53,-23.00,-101.00,26.00,-5.95,1.80,-10.84,-19.00,-74.00,-61.00
-4.34,3.95,-4.63,-31.00,-78.00,-24.00,-5.66,-1.53,-8.02,13.00,-79.00,-36.00
-2.60,0.77,-0.96,-63.00,-48.00,-26.00,-5.40,-0.32,-4.51,44.00,-51.00,-7.00
-2.63,-1.79,1.17,-73.00,10.00,-32.00,-4.11,0.62,-1.60,59.00,-38.00,10.00
-2.74,-6.64,-2.24,-59.00,79.00,-13.00,-3.91,2.45,1.53,68.00,36.00,26.00
-5.62,-3.69,-4.77,-44.00,131.00,7.00,-4.50,5.73,-2.74,43.00,86.00,58.00
-7.05,-7.46,-11.14,1.00,105.00,2.00,-7.40,8.49,-5.44,9.00,89.00,53.00
-8.51,-5.30,-17.40,33.00,46.00,82.00,-7.85,11.05,-9.70,-29.00,84.00,-12.00
-9.90,3.12,-14.07,16.00,-44.00,79.00,-9.25,8.55,-13.82,-55.00,39.00,-78.00
-7.42,1.40,-12.84,13.00,-93.00,38.00,-9.70,3.51,-14.47,-39.00,-45.00,-91.00
-5.85,4.49,-9.17,-14.00,-108.00,32.00,-6.08,0.98,-10.86,2.00,-79.00,-75.00
-3.58,4.21,-3.81,-23.00,-75.00,-24.00,-4.84,-1.98,-5.27,32.00,-71.00,-34.00
-2.47,1.70,-0.70,-54.00,-35.00,-34.00,-3.59,-1.13,-1.98,51.00,-41.00,8.00
-2.50,-1.86,0.93,-68.00,24.00,-37.00,-4.04,1.35,-0.56,57.00,13.00,40.00
-3.16,-5.47,-2.43,-58.00,88.00,-25.00,-5.78,5.02,-3.23,55.00,74.00,45.00
-4.98,-7.85,-5.43,-51.00,125.00,-15.00,-5.87,7.36,-4.81,28.00,88.00,41.00
-9.02,-8.38,-10.44,-4.00,114.00,20.00,-7.47,10.18,-9.13,-18.00,100.00,5.00
-10.68,-6.56,-17.31,30.00,30.00,110.00,-7.46,9.63,-13.33,-67.00,68.00,-54.00
-8.12,1.43,-13.38,4.00,-60.00,114.00,-9.27,4.46,-16.00,-68.00,-15.00,-89.00
-5.90,2.34,-13.60,4.00,-106.00,56.00,-7.26,2.38,-12.08,-3.00,-79.00,-79.00
-5.35,4.30,-6.56,-18.00,-102.00,24.00,-5.30,-1.35,-8.33,41.00,-85.00,-59.00
-4.56,4.16,-2.09,-56.00,-59.00,-1.00,-4.08,-1.12,-3.75,47.00,-61.00,-7.00
-2.16,0.75,-0.18,-59.00,-14.00,-34.00,-3.65,0.87,-1.06,58.00,-10.00,16.00
-3.11,-2.48,0.65,-59.00,35.00,-31.00,-5.12,2.76,-0.71,59.00,37.00,35.00
-3.56,-4.19,-2.09,-48.00,96.00,-41.00,-5.64,5.14,-2.29,51.00,72.00,52.00
-6.44,-6.36,-9.36,-44.00,119.00,-8.00,-5.82,8.58,-6.06,12.00,98.00,39.00
-9.82,-7.82,-13.42,21.00,89.00,-14.00,-8.00,13.11,-10.81,-45.00,87.00,-16.00
-8.93,-5.62,-13.15,27.00,45.00,78.00,-7.19,7.24,-15.26,-63.00,41.00,-92.00
-8.83,1.87,-15.35,1.00,-40.00,124.00,-8.66,2.78,-14.25,-36.00,-46.00,-94.00
-6.44,1.92,-12.31,0.00,-92.00,62.00,-6.13,0.30,-11.29,3.00,-83.00,-56.00
-4.28,4.51,-7.56,-35.00,-102.00,28.00,-5.30,-0.18,-5.88,15.00,-75.00,-11.00
-3.85,3.97,-4.24,-32.00,-64.00,-33.00,-3.96,1.40,-1.97,47.00,-50.00,-4.00
-3.28,0.15,-0.47,-46.00,-42.00,-38.00,-4.15,0.62,-0.24,68.00,-6.00,15.00
-3.33,-3.52,1.57,-53.00,11.00,-24.00,-3.84,4.06,-0.41,83.00,52.00,41.00
-4.21,-3.80,-0.75,-37.00,78.00,1.00,-4.99,6.84,-4.33,52.00,93.00,52.00
-7.85,-4.51,-5.63,-24.00,102.00,-10.00,-4.38,10.73,-8.16,11.00,109.00,27.00
-10.11,-6.35,-8.86,5.00,93.00,12.00,-7.82,10.35,-13.49,-35.00,93.00,-42.00
-10.30,-5.19,-13.72,48.00,56.00,72.00,-5.04,9.11,-16.42,-45.00,37.00,-118.00
-10.13,1.81,-15.07,31.00,-36.00,85.00,-6.88,2.48,-15.22,-35.00,-61.00,-93.00
-6.79,1.92,-14.02,11.00,-97.00,43.00,-5.13,2.37,-10.84,-5.00,-83.00,-73.00
-3.75,3.73,-7.26,-30.00,-117.00,34.00,-4.66,-0.89,-6.62,21.00,-82.00,-41.00
-2.70,3.88,-1.42,-44.00,-57.00,-1.00,-5.12,-1.01,-2.64,64.00,-57.00,-20.00
-2.55,1.88,0.29,-44.00,-7.00,-29.00,-4.03,1.23,-0.17,69.00,-20.00,16.00
-4.22,-0.50,0.20,-52.00,41.00,-36.00,-4.74,2.55,-0.39,86.00,49.00,27.00
-5.04,-4.14,-4.34,-48.00,113.00,-30.00,-4.80,6.91,-1.98,58.00,77.00,50.00
-6.43,-6.93,-7.15,-24.00,110.00,-7.00,-5.67,8.90,-5.29,9.00,103.00,36.00
-8.21,-5.97,-11.66,9.00,107.00,69.00,-5.73,13.18,-11.08,-51.00,111.00,-28.00
-9.06,0.98,-16.04,30.00,7.00,86.00,-9.01,5.65,-17.35,-72.00,29.00,-108.00
-7.60,2.90,-15.93,21.00,-66.00,46.00,-8.81,1.63,-16.03,-46.00,-65.00,-69.00
-5.79,2.75,-11.91,-7.00,-110.00,41.00,-5.07,1.43,-10.75,5.00,-92.00,-71.00
-3.97,4.23,-6.77,-34.00,-107.00,4.00,-3.81,-0.92,-5.75,26.00,-78.00,-20.00
-3.34,3.61,-1.93,-50.00,-82.00,-21.00,-3.48,-1.11,-2.26,58.00,-37.00,18.00
-2.55,0.13,1.15,-58.00,-16.00,-37.00,-4.02,1.34,-0.83,89.00,6.00,37.00
-4.28,-2.81,0.58,-63.00,47.00,-24.00,-4.37,6.01,-1.22,97.00,52.00,46.00
-5.78,-5.37,-2.61,-50.00,99.00,-2.00,-3.71,9.76,-4.26,50.00,79.00,36.00
-5.35,-6.54,-5.78,1.00,131.00,-10.00,-4.53,12.31,-8.40,-6.00,112.00,0.00
-7.92,-6.07,-11.56,-2.00,101.00,66.00,-7.06,10.70,-16.22,-46.00,86.00,-67.00
-9.57,-2.68,-18.38,27.00,-1.00,97.00,-8.56,3.02,-18.22,-52.00,-37.00,-107.00
-7.90,3.01,-12.96,22.00,-72.00,54.00,-6.45,2.30,-14.28,-32.00,-86.00,-90.00
-5.66,2.57,-11.65,-9.00,-99.00,39.00,-5.41,-1.68,-7.11,18.00,-92.00,-70.00
-4.79,4.09,-7.60,-21.00,-91.00,-9.00,-3.36,-1.69,-4.22,45.00,-66.00,-12.00
-4.14,1.90,-2.47,-45.00,-74.00,-15.00,-2.87,-0.78,-1.66,64.00,-26.00,25.00
-3.04,0.54,0.46,-64.00,-16.00,-16.00,-3.58,1.54,-0.05,82.00,39.00,37.00
-3.24,-2.28,-0.22,-65.00,51.00,-14.00,-5.63,7.14,-4.15,58.00,99.00,38.00
-3.55,-5.04,-4.78,-40.00,102.00,-19.00,-7.06,10.58,-7.80,6.00,104.00,21.00
-5.96,-5.84,-8.91,1.00,131.00,-48.00,-8.99,10.65,-11.96,-42.00,78.00,-30.00
-8.03,-7.90,-14.02,8.00,103.00,31.00,-9.59,3.71,-15.42,-70.00,4.00,-98.00
-6.81,-2.20,-13.88,19.00,41.00,102.00,-9.42,0.34,-12.98,-40.00,-62.00,-84.00
-7.94,1.07,-17.19,15.00,-46.00,69.00,-7.11,-0.44,-9.55,-1.00,-84.00,-47.00
-5.02,0.80,-16.01,5.00,-102.00,48.00,-5.28,-0.15,-4.38,28.00,-78.00,-11.00
-3.60,1.62,-9.58,-19.00,-114.00,35.00,-4.41,-1.18,-1.71,59.00,-42.00,21.00
-3.77,3.60,-4.51,-33.00,-93.00,-3.00,-2.57,3.26,-0.60,75.00,0.00,39.00
-3.51,2.07,-0.94,-57.00,-58.00,-14.00,-3.22,6.82,-1.22,79.00,59.00,41.00
-3.68,-0.27,0.93,-68.00,5.00,-29.00,-2.95,10.13,-5.59,46.00,94.00,36.00
-2.79,-4.01,-1.59,-75.00,75.00,-13.00,-4.98,12.23,-9.18,-13.00,114.00,-12.00
-4.88,-5.09,-4.84,-38.00,123.00,-20.00,-6.97,10.99,-13.78,-67.00,75.00,-79.00
-8.76,-5.03,-9.55,-10.00,118.00,-3.00,-8.92,2.66,-15.61,-53.00,-24.00,-107.00
-7.47,-7.56,-14.09,23.00,89.00,57.00,-7.40,3.15,-12.68,-27.00,-80.00,-80.00
-7.43,-0.03,-16.54,28.00,0.00,104.00,-6.17,-1.38,-6.69,11.00,-85.00,-47.00
-8.45,3.84,-17.03,27.00,-77.00,38.00,-3.83,-1.44,-4.07,38.00,-61.00,1.00
-4.44,2.76,-13.18,-16.00,-128.00,37.00,-3.74,0.28,-1.83,65.00,-15.00,25.00
-2.86,3.39,-6.30,-39.00,-114.00,0.00,-3.82,4.29,-1.08,72.00,36.00,37.00
-2.05,1.84,-1.58,-57.00,-72.00,-24.00,-4.15,7.16,-2.88,55.00,87.00,40.00
-1.91,-0.75,1.77,-68.00,-10.00,-38.00,-5.13,10.66,-7.05,5.00,113.00,30.00
-2.04,-4.09,0.38,-86.00,94.00,-28.00,-7.31,11.80,-12.70,-51.00,106.00,-38.00
-3.99,-7.51,-8.19,-84.00,124.00,12.00,-10.99,5.45,-19.40,-64.00,-11.00,-101.00
-7.81,-7.19,-10.43,-17.00,124.00,44.00,-6.52,0.92,-13.44,-25.00,-81.00,-94.00
-10.82,-3.56,-14.92,23.00,63.00,80.00,-5.97,-0.93,-7.89,10.00,-87.00,-46.00
-8.78,-0.89,-15.77,31.00,-35.00,93.00,-4.79,-1.66,-4.33,56.00,-69.00,-12.00
-5.77,2.44,-12.90,13.00,-79.00,68.00,-3.56,1.08,-2.03,71.00,-30.00,17.00
-6.23,2.28,-11.29,-11.00,-112.00,41.00,-4.61,3.18,-1.43,73.00,22.00,25.00
-4.46,4.28,-5.05,-38.00,-108.00,15.00,-4.25,6.62,-2.26,51.00,72.00,38.00
-2.17,3.39,-1.62,-40.00,-68.00,-31.00,-6.56,8.55,-6.53,3.00,109.00,37.00
-1.95,0.57,1.53,-63.00,-16.00,-36.00,-8.78,11.89,-10.11,-62.00,95.00,-1.00
-3.10,-2.94,1.97,-70.00,70.00,-28.00,-9.81,3.27,-15.30,-54.00,32.00,-104.00
-4.59,-7.96,-5.55,-32.00,131.00,-2.00,-8.29,2.54,-13.42,-27.00,-43.00,-90.00
-8.18,-7.79,-9.71,18.00,131.00,23.00,-6.99,0.84,-9.40,-2.00,-77.00,-56.00
-10.89,-3.49,-13.97,35.00,68.00,82.00,-6.03,-1.33,-5.82,37.00,-65.00,-27.00
-9.27,1.59,-15.86,25.00,-30.00,81.00,-5.86,-0.55,-3.43,51.00,-46.00,7.00
-6.92,2.46,-13.72,10.00,-75.00,47.00,-3.70,2.33,-1.41,55.00,-20.00,32.00
-5.42,3.69,-10.82,-20.00,-105.00,26.00,-4.62,4.03,-0.14,66.00,38.00,24.00
-3.66,3.62,-4.19,-28.00,-90.00,-21.00,-4.95,7.55,-1.97,40.00,82.00,37.00
-3.58,1.63,-0.23,-66.00,-43.00,-25.00,-6.39,9.88,-6.36,-8.00,90.00,13.00
-2.55,-2.09,1.37,-76.00,12.00,-35.00,-7.18,8.84,-9.97,-54.00,84.00,-40.00
-2.71,-5.76,-0.98,-71.00,84.00,-24.00,-10.70,7.54,-17.94,-53.00,25.00,-100.00
-6.15,-6.17,-7.52,-49.00,128.00,10.00,-9.17,0.84,-13.11,-38.00,-60.00,-76.00
-8.29,-6.43,-11.36,17.00,129.00,6.00,-5.83,0.00,-8.69,4.00,-93.00,-57.00
-9.46,-3.09,-14.21,30.00,49.00,90.00,-5.26,-0.89,-3.64,33.00,-69.00,-24.00
-9.22,1.23,-15.58,17.00,-47.00,90.00,-3.94,-1.15,-1.10,56.00,-36.00,0.00
-6.73,1.51,-13.36,13.00,-87.00,48.00,-3.99,0.09,0.20,70.00,18.00,32.00
-6.60,3.92,-8.71,-20.00,-107.00,30.00,-4.85,3.09,-1.97,72.00,77.00,42.00
-4.50,3.90,-4.80,-42.00,-82.00,-10.00,-5.67,9.07,-4.79,44.00,109.00,38.00
-1.99,1.01,-0.83,-43.00,-38.00,-37.00,-8.75,10.61,-8.91,-20.00,91.00,1.00
-2.40,-1.27,0.46,-57.00,7.00,-32.00,-8.23,10.41,-12.67,-69.00,51.00,-46.00
-2.84,-4.62,-0.60,-62.00,83.00,-26.00,-7.86,5.17,-13.16,-61.00,-7.00,-80.00
-4.43,-7.43,-5.77,-44.00,131.00,13.00,-7.69,0.26,-12.13,-22.00,-60.00,-66.00
-7.73,-5.69,-11.90,0.00,106.00,30.00,-6.66,-0.11,-7.68,4.00,-77.00,-31.00
-10.39,-5.93,-16.55,37.00,40.00,75.00,-5.19,-0.37,-4.58,39.00,-70.00,-13.00
-9.40,1.50,-15.28,3.00,-61.00,94.00,-3.47,0.16,-1.56,65.00,-37.00,17.00
-5.48,1.37,-13.92,2.00,-103.00,50.00,-3.20,3.61,-0.76,86.00,21.00,29.00
-4.25,4.72,-6.47,-25.00,-109.00,22.00,-3.82,6.70,-3.26,76.00,69.00,27.00
-3.52,3.94,-2.59,-40.00,-59.00,-28.00,-5.53,10.23,-7.23,18.00,100.00,22.00
-2.85,0.89,-0.73,-59.00,-21.00,-35.00,-7.07,10.78,-8.62,-44.00,100.00,-5.00
-3.19,-2.71,0.26,-64.00,33.00,-37.00,-8.93,8.49,-14.79,-80.00,48.00,-63.00
-4.12,-5.30,-3.08,-65.00,96.00,-11.00,-8.66,3.06,-15.43,-56.00,-33.00,-91.00
-5.59,-8.63,-7.27,-37.00,117.00,34.00,-5.48,2.40,-11.25,-13.00,-82.00,-64.00
-11.44,-5.66,-12.56,53.00,92.00,41.00,-5.12,-0.70,-7.30,16.00,-90.00,-21.00
-10.27,1.84,-14.81,24.00,10.00,114.00,-3.88,-0.58,-1.73,66.00,-69.00,-8.00
-7.30,3.00,-13.62,10.00,-61.00,69.00,-3.65,3.44,0.29,58.00,-7.00,30.00
-6.88,3.17,-10.78,-9.00,-81.00,34.00,-3.70,5.31,0.96,64.00,53.00,18.00
-5.76,4.20,-8.35,-27.00,-90.00,-6.00,-4.04,7.60,-3.78,26.00,94.00,36.00
-4.35,2.71,-3.53,-41.00,-80.00,-34.00,-6.58,7.81,-9.20,-5.00,103.00,21.00
-3.20,-0.31,0.46,-52.00,-38.00,-38.00,-8.43,8.57,-11.11,-48.00,67.00,-27.00
-3.25,-3.53,1.16,-66.00,28.00,-16.00,-9.12,5.47,-15.36,-45.00,15.00,-86.00
-3.07,-5.97,-2.32,-47.00,88.00,-3.00,-8.19,4.18,-12.15,-35.00,-52.00,-59.00
-7.49,-7.15,-6.82,-4.00,130.00,9.00,-6.74,0.22,-9.96,20.00,-83.00,-61.00
-9.82,-5.59,-10.42,23.00,97.00,44.00,-5.11,0.28,-6.02,27.00,-77.00,-6.00
-11.17,0.09,-13.43,15.00,48.00,69.00,-4.55,1.00,-1.98,54.00,-37.00,8.00
-10.51,-2.19,-17.18,15.00,-71.00,71.00,-2.84,3.94,-0.49,64.00,11.00,16.00
-5.81,3.28,-10.88,-11.00,-108.00,48.00,-4.29,5.19,-1.27,57.00,57.00,25.00
-4.49,2.33,-7.14,-18.00,-103.00,8.00,-4.94,8.10,-6.37,11.00,87.00,39.00
-4.04,2.65,-1.09,-33.00,-74.00,-4.00,-6.35,10.14,-8.79,-30.00,89.00,1.00
-2.74,1.20,0.63,-47.00,-19.00,-15.00,-8.08,10.58,-14.31,-69.00,63.00,-63.00
-2.76,-1.07,1.15,-52.00,35.00,-21.00,-9.99,0.99,-16.08,-55.00,-39.00,-70.00
-5.49,-3.26,-1.61,-47.00,86.00,-27.00,-7.18,0.57,-9.43,-21.00,-73.00,-47.00
-7.85,-7.51,-6.48,-23.00,116.00,-20.00,-7.26,-0.16,-7.42,17.00,-74.00,-29.00
-8.92,-9.24,-10.47,35.00,104.00,-4.00,-4.51,-0.53,-2.41,71.00,-64.00,-28.00
-8.93,-3.20,-12.89,54.00,51.00,57.00,-3.60,0.57,-0.81,58.00,0.00,14.00
-9.13,0.50,-16.32,27.00,-33.00,67.00,-4.73,1.49,-2.16,56.00,49.00,25.00
-6.03,2.80,-11.61,0.00,-81.00,56.00,-5.50,5.37,-6.26,29.00,75.00,60.00
-5.64,2.97,-8.18,-8.00,-77.00,-6.00,-5.49,10.19,-8.21,-3.00,78.00,40.00
-4.48,1.63,-4.21,-35.00,-77.00,-9.00,-7.93,9.89,-11.10,-55.00,81.00,-27.00
-3.39,0.53,-0.65,-50.00,-48.00,-33.00,-8.17,5.48,-14.67,-63.00,32.00,-92.00
-2.62,-2.20,0.33,-60.00,8.00,-43.00,-9.51,1.01,-14.25,-42.00,-54.00,-69.00
-2.59,-4.68,-1.58,-76.00,63.00,-49.00,-6.44,1.16,-8.64,1.00,-78.00,-54.00
-6.35,-8.20,-8.17,-76.00,129.00,38.00,-5.51,-0.52,-6.10,26.00,-68.00,-20.00
-9.81,-5.38,-11.62,2.00,96.00,26.00,-4.20,0.03,-2.65,33.00,-58.00,29.00
-7.58,-6.89,-15.11,37.00,50.00,60.00,-4.09,2.08,0.17,57.00,-2.00,31.00
-7.94,1.00,-14.69,40.00,-43.00,104.00,-4.76,4.88,-1.24,68.00,62.00,21.00
-6.78,2.54,-14.88,28.00,-90.00,41.00,-4.70,7.60,-4.42,36.00,82.00,26.00
-3.84,4.15,-8.91,-36.00,-120.00,39.00,-6.02,10.27,-8.98,-10.00,98.00,-10.00
-3.17,4.07,-3.19,-34.00,-72.00,-37.00,-7.24,9.67,-12.47,-62.00,76.00,-48.00
-2.31,-0.10,0.26,-66.00,-34.00,-41.00,-7.40,4.43,-15.52,-78.00,10.00,-67.00
-2.48,-4.96,0.92,-67.00,39.00,-36.00,-6.18,2.58,-13.51,-33.00,-64.00,-69.00
-3.84,-5.50,-3.34,-41.00,100.00,15.00,-6.37,0.50,-8.30,-19.00,-70.00,-45.00
-7.00,-3.17,-10.19,-23.00,111.00,29.00,-6.65,1.21,-5.06,30.00,-49.00,-15.00
-8.92,-5.42,-11.48,4.00,109.00,28.00,-4.88,1.93,-2.62,56.00,-35.00,8.00
-11.39,-1.63,-13.87,19.00,28.00,76.00,-3.20,3.44,-0.77,64.00,-11.00,20.00
-9.60,1.70,-14.46,10.00,-58.00,52.00,-4.27,5.69,-1.98,54.00,42.00,49.00
-6.69,-0.27,-12.93,-2.00,-85.00,42.00,-5.45,7.74,-4.46,20.00,86.00,40.00
-4.34,3.87,-8.10,-27.00,-105.00,31.00,-5.35,11.29,-9.87,-28.00,107.00,-1.00
-3.91,4.80,-3.46,-24.00,-60.00,-32.00,-7.96,7.60,-15.13,-37.00,47.00,-78.00
-3.30,1.32,-1.62,-54.00,-24.00,-37.00,-7.99,5.68,-15.27,-66.00,-42.00,-71.00
-2.44,-3.22,-1.04,-58.00,9.00,-41.00,-7.13,0.18,-11.08,-11.00,-97.00,-78.00
-3.93,-5.59,-2.09,-12.00,51.00,-15.00,-5.38,0.09,-5.93,31.00,-75.00,-30.00
-7.97,-4.36,-3.85,-26.00,106.00,-22.00,-4.56,-0.07,-2.25,60.00,-50.00,0.00
-8.83,-10.35,-9.08,12.00,113.00,-32.00,-3.51,1.59,-0.88,62.00,-3.00,31.00
-9.16,-9.18,-13.93,63.00,68.00,100.00,-3.72,4.72,-1.82,66.00,47.00,28.00
-7.68,1.90,-14.31,16.00,-21.00,99.00,-5.02,7.14,-5.57,32.00,86.00,37.00
-6.06,0.70,-13.33,5.00,-76.00,47.00,-6.89,9.42,-7.15,-6.00,91.00,17.00
-5.62,4.12,-8.98,-32.00,-92.00,28.00,-7.02,9.26,-11.51,-34.00,78.00,-44.00
-5.00,3.22,-3.71,-33.00,-75.00,-34.00,-9.99,4.50,-18.06,-41.00,-13.00,-93.00
-2.54,-0.84,-0.61,-57.00,-35.00,-30.00,-7.54,2.00,-13.22,-29.00,-71.00,-69.00
-2.59,-2.82,-0.32,-53.00,21.00,-27.00,-5.98,-0.91,-8.15,11.00,-85.00,-46.00
-5.18,-2.77,-2.63,-63.00,64.00,-1.00,-4.50,-1.10,-4.45,43.00,-64.00,3.00
-5.26,-9.42,-5.41,-23.00,129.00,-39.00,-3.92,1.31,-2.33,58.00,-27.00,29.00
-9.31,-7.29,-13.64,9.00,102.00,31.00,-3.63,3.04,-0.89,65.00,22.00,34.00
-9.14,-2.94,-15.17,37.00,26.00,80.00,-5.71,6.29,-2.80,49.00,79.00,34.00
-7.75,1.93,-14.92,27.00,-54.00,78.00,-7.07,9.00,-6.14,3.00,94.00,32.00
-6.11,1.52,-12.37,5.00,-91.00,51.00,-8.14,12.18,-10.09,-52.00,80.00,-7.00
-5.18,3.42,-6.18,-24.00,-93.00,33.00,-8.78,7.76,-15.45,-64.00,33.00,-96.00
-5.00,4.26,-3.06,-47.00,-60.00,-14.00,-8.05,1.70,-14.62,-33.00,-65.00,-76.00
-3.00,0.98,-2.25,-34.00,-26.00,-57.00,-5.62,0.03,-9.93,20.00,-86.00,-49.00
-3.33,-1.93,0.54,-44.00,2.00,-45.00,-4.34,0.98,-4.02,63.00,-76.00,-23.00
-3.06,-4.64,0.54,-71.00,76.00,-18.00,-2.85,2.12,-1.12,76.00,-29.00,15.00
-5.31,-7.36,-7.89,-56.00,131.00,-3.00,-3.51,4.55,0.07,69.00,33.00,21.00
-9.89,-5.65,-13.01,-16.00,86.00,37.00,-5.49,6.77,-3.32,36.00,86.00,39.00
-10.77,-3.47,-13.17,19.00,27.00,67.00,-6.08,9.23,-6.08,-9.00,97.00,33.00
-8.37,1.11,-13.24,18.00,-55.00,75.00,-7.96,11.13,-10.21,-54.00,100.00,-22.00
-5.60,2.80,-11.77,-8.00,-89.00,58.00,-9.66,7.93,-16.32,-61.00,14.00,-85.00
-5.64,5.59,-7.25,-35.00,-87.00,26.00,-7.19,1.79,-12.80,-38.00,-59.00,-75.00
-5.25,5.06,-3.24,-34.00,-57.00,-37.00,-6.38,0.06,-9.33,9.00,-78.00,-40.00
-3.49,1.14,-0.71,-78.00,-25.00,-35.00,-4.94,-0.29,-4.74,38.00,-65.00,-8.00
-2.81,-3.88,-1.94,-52.00,35.00,-39.00,-3.00,2.40,-2.46,64.00,-39.00,17.00
-4.67,-4.68,-2.02,-36.00,69.00,-2.00,-3.12,5.07,-0.46,68.00,18.00,30.00
-8.30,-3.71,-6.73,-11.00,125.00,-10.00,-5.15,7.98,-2.89,58.00,74.00,24.00
-10.14,-5.45,-9.11,11.00,94.00,14.00,-6.92,8.10,-5.43,6.00,95.00,16.00
-11.55,-2.93,-14.59,32.00,12.00,91.00,-8.86,12.59,-12.12,-65.00,83.00,-22.00
-9.53,0.83,-13.06,26.00,-65.00,62.00,-9.72,4.89,-15.62,-60.00,21.00,-109.00
-6.82,3.56,-10.32,-9.00,-92.00,62.00,-8.27,1.40,-14.09,-27.00,-65.00,-107.00
-5.81,5.36,-6.39,-26.00,-71.00,-3.00,-6.36,-0.34,-9.35,-5.00,-83.00,-51.00
-3.55,1.48,-3.69,-40.00,-62.00,-21.00,-4.39,-1.19,-5.23,30.00,-74.00,-26.00
-3.02,-0.22,1.14,-37.00,-23.00,-37.00,-4.18,-0.97,-1.74,64.00,-36.00,3.00
-3.31,-2.85,1.80,-39.00,54.00,-30.00,-3.19,1.74,-0.76,82.00,13.00,36.00
-4.77,-2.96,-3.71,-38.00,106.00,-14.00,-3.16,5.48,-2.73,90.00,75.00,48.00
-7.59,-7.30,-8.83,-14.00,97.00,-14.00,-5.27,11.47,-5.81,34.00,89.00,44.00
-8.70,-4.18,-6.23,0.00,90.00,16.00,-7.93,12.04,-9.41,-39.00,89.00,4.00
-8.85,-4.95,-16.92,-3.00,35.00,103.00,-9.96,7.58,-14.73,-59.00,47.00,-79.00
-8.18,1.08,-15.93,4.00,-70.00,76.00,-10.07,1.60,-14.66,-50.00,-43.00,-93.00
-4.53,0.90,-12.30,3.00,-97.00,55.00,-7.01,1.36,-10.13,-8.00,-73.00,-72.00
-4.10,4.72,-6.58,-31.00,-94.00,26.00,-4.49,-2.05,-6.61,25.00,-79.00,-18.00
-3.40,4.39,-3.12,-32.00,-48.00,-28.00,-3.72,-0.88,-2.61,56.00,-47.00,20.00
-2.80,1.01,-1.15,-47.00,-17.00,-47.00,-2.66,3.26,-0.76,72.00,6.00,43.00
-3.32,-2.14,-0.04,-55.00,33.00,-41.00,-3.88,7.33,-1.87,75.00,64.00,27.00
-4.85,-6.52,-3.82,-34.00,100.00,-26.00,-6.93,9.24,-7.14,27.00,85.00,26.00
-6.65,-7.02,-5.78,2.00,122.00,-15.00,-6.85,10.77,-7.68,-30.00,73.00,16.00
-10.13,-6.89,-13.13,19.00,66.00,35.00,-6.98,9.97,-12.15,-67.00,80.00,-64.00
-8.72,-3.31,-16.34,21.00,-5.00,108.00,-9.83,2.33,-15.57,-64.00,-8.00,-81.00
-7.49,2.88,-14.33,13.00,-80.00,71.00,-6.49,2.14,-11.43,-21.00,-73.00,-69.00
-4.86,5.71,-9.98,-20.00,-103.00,27.00,-6.50,-0.65,-8.42,37.00,-72.00,-49.00
-3.87,5.15,-5.18,-25.00,-86.00,-47.00,-3.52,0.57,-4.58,45.00,-61.00,9.00
-1.85,-1.58,-0.56,-64.00,-55.00,-34.00,-3.21,1.71,-1.27,62.00,-20.00,30.00
-2.88,-4.07,0.22,-66.00,29.00,-22.00,-4.38,5.33,-0.59,63.00,42.00,28.00
-3.96,-5.62,-1.77,-48.00,102.00,2.00,-4.91,7.14,-2.65,38.00,77.00,33.00
-6.56,-6.26,-7.31,-11.00,131.00,-6.00,-4.92,9.61,-7.80,0.00,93.00,18.00
-9.76,-6.38,-11.91,19.00,97.00,52.00,-6.99,14.54,-12.75,-54.00,95.00,-54.00
-9.44,-5.04,-15.63,17.00,33.00,91.00,-9.01,3.64,-15.11,-51.00,3.00,-116.00
-6.55,-1.13,-16.41,1.00,-55.00,79.00,-7.36,0.61,-13.86,-23.00,-70.00,-65.00
-4.57,1.16,-11.50,4.00,-86.00,60.00,-5.95,-0.83,-7.70,21.00,-81.00,-34.00
-4.38,4.08,-7.07,-15.00,-101.00,3.00,-4.51,-0.11,-4.54,43.00,-65.00,9.00
-2.47,2.04,-3.50,-48.00,-75.00,-30.00,-2.96,2.37,-2.17,59.00,-24.00,45.00
-2.02,-0.68,-0.23,-62.00,-19.00,-42.00,-3.46,6.04,-1.15,69.00,26.00,27.00
-1.74,-6.67,-0.68,-60.00,54.00,-21.00,-4.46,7.47,-3.31,52.00,62.00,21.00
-4.52,-7.98,-5.80,-36.00,127.00,12.00,-6.10,9.83,-6.88,0.00,96.00,16.00
-9.99,-6.32,-9.81,12.00,105.00,-2.00,-8.20,10.15,-10.15,-54.00,81.00,-24.00
-12.42,-4.50,-15.94,15.00,32.00,70.00,-8.33,7.33,-14.25,-60.00,30.00,-91.00
-8.90,-0.68,-14.03,3.00,-42.00,61.00,-8.89,2.43,-13.68,-35.00,-47.00,-80.00
-6.02,-0.49,-14.08,7.00,-101.00,61.00,-6.85,0.34,-10.04,-3.00,-70.00,-54.00
-4.54,4.08,-6.82,-20.00,-97.00,36.00,-5.25,0.55,-6.54,31.00,-68.00,-26.00
-3.54,4.07,-3.69,-35.00,-68.00,-7.00,-4.38,0.63,-3.39,50.00,-53.00,6.00
-2.91,3.02,-0.30,-54.00,-37.00,-33.00,-4.26,1.81,-0.30,67.00,-20.00,16.00
-2.03,-1.23,1.03,-52.00,15.00,-63.00,-4.28,3.50,0.73,70.00,41.00,29.00
-2.34,-6.47,-1.58,-89.00,97.00,-26.00,-4.13,7.73,-2.91,52.00,91.00,28.00
-6.43,-6.66,-7.37,-36.00,128.00,-2.00,-5.36,11.06,-6.62,-7.00,95.00,33.00
-11.32,-7.61,-13.16,19.00,89.00,20.00,-5.07,14.45,-11.51,-58.00,96.00,-41.00
-9.96,-4.63,-14.21,27.00,22.00,91.00,-8.11,7.05,-15.08,-61.00,26.00,-91.00
-9.01,-0.13,-14.41,27.00,-50.00,88.00,-6.99,2.59,-13.61,-16.00,-56.00,-80.00
-5.93,1.43,-11.40,12.00,-87.00,58.00,-5.64,0.80,-9.27,23.00,-80.00,-52.00
-4.58,5.29,-7.08,-28.00,-93.00,28.00,-5.25,-0.48,-4.86,57.00,-76.00,-21.00
-3.04,3.82,-3.02,-47.00,-61.00,-29.00,-3.51,1.38,-1.95,72.00,-39.00,16.00
-1.37,-0.23,0.12,-51.00,-9.00,-57.00,-3.76,4.04,0.43,64.00,22.00,35.00
-2.03,-4.23,0.49,-67.00,70.00,-30.00,-4.77,6.44,-3.88,48.00,74.00,43.00
-4.01,-5.45,-6.04,-46.00,112.00,10.00,-5.02,7.42,-5.90,19.00,85.00,30.00
-7.95,-5.70,-11.99,-1.00,113.00,12.00,-5.62,11.84,-10.72,-22.00,95.00,-7.00
-10.05,-4.96,-12.82,33.00,45.00,58.00,-7.23,10.03,-14.46,-62.00,62.00,-83.00
-8.37,0.24,-12.33,42.00,-8.00,68.00,-8.01,3.37,-16.20,-40.00,-33.00,-113.00
-7.47,2.29,-14.78,19.00,-69.00,49.00,-6.09,0.52,-11.36,-9.00,-79.00,-67.00
-6.11,2.66,-10.26,-7.00,-88.00,32.00,-5.25,-0.49,-7.47,31.00,-81.00,-31.00
-5.09,5.09,-7.10,-42.00,-81.00,4.00,-4.55,1.06,-3.24,50.00,-63.00,-3.00
-2.10,1.30,-2.58,-60.00,-61.00,-38.00,-4.05,1.76,-1.06,56.00,-25.00,20.00
-2.12,-1.72,0.05,-68.00,0.00,-33.00,-3.11,3.53,0.48,49.00,16.00,51.00
-3.32,-5.22,-1.54,-49.00,70.00,-16.00,-3.28,7.59,-1.36,63.00,71.00,66.00
-5.20,-4.75,-6.46,-17.00,116.00,0.00,-4.75,10.63,-6.12,9.00,116.00,38.00
-8.15,-5.45,-11.95,13.00,112.00,13.00,-6.00,15.08,-11.56,-43.00,120.00,-36.00
-12.32,-3.42,-16.88,40.00,39.00,67.00,-8.22,6.60,-17.06,-46.00,28.00,-121.00
-8.61,1.88,-14.27,3.00,-48.00,90.00,-7.48,3.64,-14.02,-40.00,-62.00,-82.00
-5.97,1.27,-13.48,3.00,-96.00,48.00,-5.07,1.11,-8.44,13.00,-88.00,-55.00
-4.92,4.42,-7.02,-17.00,-100.00,20.00,-3.35,0.79,-3.37,57.00,-70.00,-29.00
-3.84,3.71,-3.72,-42.00,-59.00,-22.00,-3.52,2.14,-1.31,57.00,-28.00,12.00
-2.43,0.87,-1.36,-53.00,-25.00,-49.00,-5.25,2.41,-0.67,74.00,25.00,23.00
-1.12,-3.75,-0.68,-64.00,27.00,-39.00,-5.39,5.37,-2.27,68.00,60.00,55.00
-4.93,-5.15,-4.38,-52.00,96.00,22.00,-5.63,9.09,-3.98,23.00,97.00,35.00
-9.18,-4.39,-9.35,-33.00,96.00,36.00,-7.07,12.63,-10.13,-35.00,100.00,-27.00
-11.71,-4.92,-10.07,25.00,79.00,32.00,-7.38,7.36,-14.48,-45.00,43.00,-97.00
-10.27,0.10,-11.60,34.00,20.00,61.00,-7.88,3.13,-14.80,-30.00,-49.00,-89.00
-8.26,1.87,-14.64,21.00,-55.00,55.00,-5.81,0.45,-10.02,26.00,-88.00,-75.00
-6.73,2.66,-11.26,3.00,-82.00,35.00,-4.45,-0.86,-5.91,41.00,-76.00,-18.00
-5.30,4.74,-7.83,-29.00,-86.00,12.00,-3.58,0.53,-2.03,52.00,-37.00,25.00
-3.57,3.88,-3.49,-37.00,-58.00,-34.00,-4.22,3.88,-0.47,63.00,19.00,41.00
-2.61,0.72,-1.30,-59.00,-30.00,-41.00,-4.98,6.20,-2.17,60.00,68.00,49.00
-2.72,-2.83,0.84,-64.00,16.00,-45.00,-5.10,9.28,-4.23,14.00,93.00,39.00
-4.15,-5.67,-3.42,-59.00,84.00,-10.00,-4.84,10.39,-8.50,-45.00,103.00,-9.00
-7.82,-6.22,-9.16,-26.00,114.00,2.00,-6.72,10.35,-15.87,-51.00,56.00,-70.00
-9.80,-6.18,-11.57,15.00,87.00,29.00,-8.41,4.53,-15.92,-48.00,-43.00,-87.00
-6.71,-2.87,-13.86,39.00,52.00,90.00,-4.71,1.72,-11.66,9.00,-93.00,-82.00
-7.32,1.95,-15.40,23.00,-33.00,87.00,-4.14,0.02,-5.35,45.00,-87.00,-40.00
-6.51,3.98,-14.05,1.00,-88.00,38.00,-3.49,1.52,-1.03,58.00,-42.00,1.00
-4.17,3.29,-9.84,-24.00,-105.00,7.00,-3.57,3.10,0.94,57.00,11.00,26.00
-3.48,3.13,-3.41,-49.00,-89.00,-11.00,-5.15,4.62,-1.17,43.00,67.00,23.00
-2.99,0.98,-0.52,-71.00,-31.00,-33.00,-7.24,7.28,-5.42,3.00,86.00,22.00
-3.18,-3.11,-0.61,-58.00,36.00,-49.00,-7.29,10.83,-7.66,-60.00,81.00,12.00
-4.13,-5.83,-2.74,-57.00,89.00,-6.00,-10.44,6.76,-13.66,-82.00,55.00,-58.00
-5.75,-4.10,-5.86,-51.00,105.00,13.00,-10.95,2.26,-13.37,-54.00,-37.00,-65.00
-8.15,-8.95,-14.13,2.00,80.00,33.00,-6.93,1.62,-9.97,-16.00,-69.00,-59.00
-9.99,-3.98,-14.41,49.00,18.00,80.00,-5.40,-0.62,-6.24,30.00,-72.00,-28.00
-9.33,2.15,-14.20,32.00,-57.00,70.00,-5.16,0.48,-2.65,50.00,-50.00,8.00
-6.30,2.71,-12.11,12.00,-92.00,44.00,-3.37,2.59,-0.25,77.00,-7.00,24.00
-5.02,5.20,-7.15,-27.00,-96.00,19.00,-2.56,4.94,-1.14,70.00,56.00,40.00
-4.50,3.74,-2.90,-37.00,-61.00,-30.00,-5.33,10.85,-5.25,34.00,114.00,25.00
-2.81,0.84,-0.48,-59.00,-36.00,-40.00,-7.16,12.84,-13.75,-64.00,107.00,-26.00
-1.97,-3.02,0.73,-62.00,19.00,-37.00,-10.25,4.02,-13.75,-87.00,33.00,-58.00
-3.16,-6.25,-2.58,-52.00,92.00,-10.00,-9.18,5.11,-12.14,-77.00,-22.00,-65.00
-6.92,-6.89,-7.55,-31.00,123.00,-1.00,-8.00,1.47,-9.97,-20.00,-71.00,-71.00
-9.61,-7.08,-11.56,3.00,104.00,20.00,-5.33,0.25,-6.25,8.00,-69.00,1.00
-10.04,-6.03,-16.59,37.00,19.00,89.00,-4.64,0.72,-3.00,67.00,-56.00,-6.00
-8.39,1.54,-14.57,20.00,-65.00,80.00,-2.98,3.20,-1.66,58.00,-16.00,49.00
-5.55,2.18,-11.09,-6.00,-100.00,55.00,-1.76,5.39,-1.95,73.00,28.00,36.00
-4.23,4.08,-5.57,-25.00,-85.00,3.00,-2.70,9.06,-6.27,62.00,76.00,15.00
-3.02,2.10,-3.62,-46.00,-61.00,-33.00,-6.55,13.39,-9.29,14.00,87.00,-13.00
-3.69,-0.82,-0.39,-54.00,-24.00,-45.00,-8.96,10.42,-13.46,-40.00,49.00,-69.00
-5.24,-3.72,-0.30,-71.00,25.00,-29.00,-10.96,4.09,-15.17,-52.00,-33.00,-86.00
-4.49,-6.05,-2.31,-67.00,71.00,-26.00,-6.80,0.98,-11.41,-15.00,-89.00,-72.00
-4.72,-9.46,-5.57,-39.00,101.00,26.00,-5.27,-1.08,-6.47,33.00,-93.00,-23.00
-7.07,-8.15,-11.47,19.00,111.00,67.00,-4.76,-0.16,-3.15,71.00,-61.00,-1.00
-9.24,-2.91,-16.75,21.00,28.00,116.00,-2.82,3.28,-1.36,90.00,-13.00,15.00
-7.89,1.58,-16.26,8.00,-73.00,89.00,-2.94,5.60,-1.52,86.00,43.00,22.00
-4.39,2.65,-10.26,-14.00,-101.00,59.00,-4.15,8.61,-4.85,43.00,85.00,42.00
-4.67,6.15,-5.90,-39.00,-91.00,-24.00,-6.26,10.70,-8.32,-8.00,112.00,9.00
-2.00,0.00,-1.62,-43.00,-65.00,-64.00,-7.21,9.98,-12.55,-58.00,92.00,-49.00
-2.46,-2.77,0.62,-74.00,4.00,-32.00,-8.31,5.76,-16.63,-70.00,8.00,-97.00
-2.00,-5.40,-1.77,-67.00,72.00,-34.00,-7.00,1.55,-13.61,-44.00,-63.00,-85.00
-2.80,-7.99,-6.86,-53.00,131.00,-41.00,-6.19,-0.63,-8.91,10.00,-81.00,-57.00
-6.95,-11.36,-12.79,-8.00,116.00,16.00,-5.47,-0.59,-6.55,47.00,-71.00,-8.00
-5.73,-8.93,-15.07,49.00,71.00,68.00,-3.93,1.18,-3.71,71.00,-43.00,29.00
-7.43,-1.61,-17.05,29.00,-36.00,95.00,-2.98,5.56,-0.33,79.00,2.00,27.00
-5.19,-0.86,-13.66,9.00,-91.00,83.00,-2.79,8.53,-1.83,43.00,59.00,64.00
-4.80,3.49,-9.28,-27.00,-117.00,41.00,-5.25,8.50,-4.84,9.00,70.00,27.00
-2.57,2.52,-2.85,-37.00,-91.00,-30.00,-8.40,8.73,-8.22,-21.00,66.00,-25.00
-1.78,-0.96,0.57,-66.00,-39.00,-33.00,-9.17,11.24,-13.07,-70.00,52.00,-70.00
-3.12,-4.93,1.23,-61.00,35.00,-27.00,-11.01,4.33,-15.11,-59.00,-9.00,-89.00
-5.16,-5.87,-2.02,-46.00,91.00,6.00,-7.07,1.18,-9.93,-6.00,-72.00,-49.00
-6.85,-7.53,-6.56,-4.00,114.00,-2.00,-4.57,-1.59,-5.63,39.00,-77.00,-11.00
-8.82,-3.98,-11.34,8.00,90.00,87.00,-1.38,2.45,-1.49,54.00,-57.00,10.00
-13.23,0.72,-16.92,18.00,-13.00,70.00,-2.26,5.15,0.58,60.00,14.00,33.00
-8.87,3.23,-12.92,-10.00,-83.00,30.00,-4.34,6.96,-0.76,45.00,63.00,29.00
-5.77,1.75,-9.91,-24.00,-92.00,3.00,-6.55,12.06,-4.77,4.00,97.00,13.00
-3.33,1.81,-4.75,-39.00,-80.00,-16.00,-7.94,11.60,-10.62,-60.00,96.00,-44.00
-2.14,1.43,-0.51,-40.00,-33.00,-42.00,-10.49,4.94,-14.58,-42.00,5.00,-90.00
-2.11,-3.74,0.43,-47.00,16.00,-60.00,-9.31,1.08,-11.62,-26.00,-59.00,-51.00
-3.56,-5.79,-1.74,-61.00,77.00,-41.00,-6.46,-0.18,-8.82,4.00,-79.00,-27.00
-8.12,-10.55,-6.62,-26.00,106.00,-11.00,-4.69,0.31,-3.22,45.00,-76.00,-5.00
-10.41,-7.76,-11.11,5.00,65.00,62.00,-3.64,2.24,-0.87,68.00,-35.00,19.00
-12.66,0.78,-13.06,20.00,-4.00,53.00,-3.38,4.78,0.34,85.00,28.00,14.00
-8.83,2.80,-12.58,-15.00,-60.00,45.00,-4.65,7.53,-1.84,45.00,93.00,26.00
-5.91,2.30,-7.93,-14.00,-67.00,19.00,-5.74,9.96,-7.01,-11.00,117.00,16.00
-5.14,3.42,-4.55,-21.00,-65.00,-19.00,-10.00,11.26,-15.35,-46.00,81.00,-52.00
-3.91,0.74,-0.21,-11.00,-36.00,-58.00,-10.17,2.83,-14.76,-65.00,-2.00,-95.00
-2.85,-2.86,0.61,-12.00,11.00,-64.00,-7.81,1.41,-12.49,-22.00,-76.00,-81.00
-2.12,-3.60,-2.47,-46.00,51.00,-23.00,-6.24,-1.02,-7.16,0.00,-79.00,-37.00
-4.95,-5.59,-7.91,-40.00,87.00,-27.00,-3.60,-0.71,-4.03,48.00,-71.00,-14.00
-7.94,-7.98,-10.59,-30.00,90.00,3.00,-2.58,0.31,-1.02,64.00,-26.00,28.00
-9.55,-8.57,-11.65,4.00,53.00,48.00,-3.28,3.29,-0.71,90.00,43.00,27.00
-9.11,-3.66,-13.70,15.00,-19.00,97.00,-5.44,9.14,-3.69,41.00,75.00,34.00
-7.48,-1.07,-14.52,22.00,-84.00,82.00,-7.56,11.21,-6.55,-19.00,94.00,37.00
-5.41,3.51,-9.66,0.00,-116.00,31.00,-9.52,10.35,-11.74,-74.00,93.00,-23.00
-3.74,4.61,-3.69,-21.00,-89.00,-27.00,-11.91,3.62,-15.24,-72.00,15.00,-108.00
-2.56,1.46,-0.21,-54.00,-43.00,-36.00,-8.45,0.91,-12.37,-32.00,-67.00,-83.00
-2.21,-2.89,0.21,-66.00,18.00,-28.00,-5.52,-0.55,-8.10,16.00,-89.00,-42.00
-3.31,-6.90,-2.34,-52.00,84.00,-25.00,-3.29,-0.55,-4.13,33.00,-77.00,2.00
-6.32,-8.49,-5.89,-22.00,113.00,-13.00,-2.89,1.44,-0.42,56.00,-34.00,19.00
-7.06,-8.21,-9.91,13.00,97.00,19.00,-3.54,3.35,0.61,69.00,42.00,25.00
-7.01,-5.84,-12.92,19.00,83.00,110.00,-4.28,8.51,-2.91,61.00,86.00,29.00
-8.68,-0.38,-16.69,13.00,-15.00,95.00,-8.65,10.02,-5.82,-11.00,91.00,22.00
-5.62,-0.25,-13.36,-5.00,-82.00,57.00,-8.95,11.87,-12.92,-49.00,83.00,-70.00
-4.48,2.98,-9.58,-20.00,-99.00,37.00,-10.44,3.07,-15.42,-59.00,2.00,-95.00
-4.47,4.67,-5.17,-35.00,-80.00,-28.00,-7.82,-0.94,-13.91,-16.00,-75.00,-59.00
-3.07,1.00,-2.47,-49.00,-56.00,-64.00,-5.45,0.17,-9.32,32.00,-102.00,-26.00
-1.63,-4.02,0.22,-65.00,1.00,-42.00,-2.58,0.79,-3.28,63.00,-73.00,6.00
-2.45,-7.97,-2.77,-51.00,86.00,-26.00,-1.82,2.98,-0.18,84.00,-8.00,18.00
-3.94,-7.23,-6.21,-36.00,103.00,15.00,-2.69,5.06,-0.98,72.00,59.00,18.00
-9.02,-8.56,-9.82,0.00,56.00,44.00,-4.88,9.99,-5.02,32.00,101.00,22.00
-10.20,-5.80,-13.22,46.00,23.00,62.00,-8.65,12.27,-10.25,-42.00,108.00,-11.00
-8.96,-1.01,-15.38,36.00,-14.00,88.00,-9.69,8.57,-14.64,-69.00,54.00,-83.00
-7.65,1.81,-14.13,5.00,-80.00,57.00,-8.16,5.21,-15.03,-38.00,0.00,-114.00
-4.12,4.47,-7.48,-16.00,-106.00,5.00,-6.16,-0.27,-10.52,-7.00,-70.00,-66.00
-2.08,2.30,-2.66,-26.00,-71.00,-52.00,-5.50,-0.66,-7.61,40.00,-86.00,-21.00
0.41,-2.37,-0.11,-52.00,-16.00,-53.00,-4.19,-0.03,-2.75,57.00,-73.00,-4.00
-2.08,-6.52,-0.36,-59.00,73.00,-40.00,-2.96,2.14,0.70,63.00,-20.00,22.00
-5.64,-10.06,-5.68,-49.00,103.00,-6.00,-3.62,4.30,-0.34,72.00,68.00,26.00
-9.36,-11.13,-11.17,0.00,103.00,39.00,-4.96,8.34,-4.45,40.00,101.00,39.00
-8.91,-3.80,-11.45,19.00,30.00,90.00,-6.56,11.07,-8.90,-18.00,114.00,18.00
-10.48,0.65,-14.90,13.00,-34.00,58.00,-9.24,11.38,-15.18,-67.00,82.00,-75.00
-7.31,1.90,-12.26,-11.00,-88.00,48.00,-9.97,2.02,-16.91,-51.00,-34.00,-109.00
-4.44,4.44,-6.66,-30.00,-89.00,-7.00,-6.30,-0.53,-12.06,-4.00,-88.00,-82.00
-3.40,1.25,-3.54,-43.00,-47.00,-44.00,-5.06,-1.43,-7.07,23.00,-77.00,-16.00
-3.36,-1.88,0.02,-67.00,-30.00,-42.00,-4.18,-0.31,-4.10,55.00,-56.00,9.00
-1.39,-6.31,-0.15,-66.00,55.00,-35.00,-3.28,2.39,0.40,68.00,-31.00,28.00
-3.03,-7.19,-5.22,-45.00,124.00,-1.00,-3.65,4.52,1.19,76.00,49.00,31.00
-5.19,-9.90,-10.57,10.00,124.00,0.00,-3.65,8.65,-1.56,35.00,98.00,45.00
-9.22,-7.04,-18.17,38.00,56.00,74.00,-6.01,11.48,-8.65,-27.00,111.00,10.00
-8.43,0.16,-14.62,19.00,-42.00,108.00,-8.67,11.03,-15.96,-58.00,88.00,-97.00
-6.33,2.09,-13.12,5.00,-84.00,58.00,-9.68,1.79,-16.25,-40.00,-32.00,-92.00
-5.08,3.60,-8.07,-31.00,-103.00,28.00,-5.87,0.83,-11.97,-14.00,-84.00,-50.00
-2.70,3.74,-3.99,-38.00,-78.00,-39.00,-5.32,-0.69,-7.01,37.00,-84.00,-25.00
-1.58,0.60,0.11,-63.00,-46.00,-53.00,-3.81,0.13,-2.83,57.00,-59.00,4.00
-1.53,-3.67,1.24,-77.00,38.00,-44.00,-2.64,2.79,-0.59,69.00,-13.00,24.00
-2.51,-8.33,-3.63,-65.00,108.00,-28.00,-3.08,6.08,-0.29,77.00,44.00,29.00
-5.83,-10.22,-8.45,-29.00,117.00,27.00,-4.39,8.86,-2.59,32.00,94.00,32.00
-7.32,-8.76,-12.51,29.00,86.00,69.00,-6.32,11.00,-7.99,-30.00,112.00,15.00
-7.84,-2.20,-16.40,36.00,26.00,107.00,-9.94,10.23,-17.05,-51.00,75.00,-87.00
-8.12,1.82,-15.68,19.00,-53.00,67.00,-8.15,3.53,-15.72,-24.00,-30.00,-129.00
-5.59,3.22,-12.28,-18.00,-104.00,43.00,-6.01,0.11,-11.14,-13.00,-79.00,-76.00
-2.67,4.24,-6.85,-37.00,-97.00,-18.00,-6.53,-2.64,-5.67,11.00,-73.00,-18.00
-0.79,1.63,-1.92,-56.00,-74.00,-39.00,-4.48,-1.26,-3.47,72.00,-52.00,-5.00
-1.47,-1.13,1.40,-71.00,2.00,-44.00,-3.18,0.90,-1.56,72.00,-10.00,30.00
-1.97,-6.33,-2.26,-79.00,75.00,-22.00,-3.73,4.01,-2.36,84.00,58.00,40.00
-4.54,-8.71,-8.38,-38.00,126.00,-4.00,-4.49,8.62,-6.10,49.00,89.00,47.00
-7.91,-8.87,-11.79,12.00,103.00,25.00,-6.88,9.45,-8.22,-5.00,91.00,15.00
-9.14,-4.70,-14.27,33.00,58.00,90.00,-6.62,11.96,-13.62,-61.00,94.00,-55.00
-7.78,2.36,-16.08,15.00,-29.00,98.00,-9.77,3.81,-17.41,-66.00,-10.00,-113.00
-5.25,3.49,-14.64,1.00,-92.00,36.00,-7.06,2.08,-13.62,-44.00,-73.00,-78.00
-4.41,5.30,-8.93,-47.00,-120.00,-3.00,-6.20,-2.11,-8.21,3.00,-81.00,-43.00
-2.01,0.90,-2.51,-55.00,-72.00,-49.00,-4.12,-0.96,-5.00,56.00,-63.00,-8.00
-0.93,-2.73,-0.19,-67.00,-7.00,-37.00,-2.73,1.88,-1.97,60.00,-25.00,33.00
-1.20,-6.33,-1.83,-61.00,67.00,-5.00,-3.21,4.84,-0.27,66.00,33.00,37.00
-5.06,-5.78,-5.15,-25.00,120.00,0.00,-4.79,7.52,-2.89,50.00,73.00,37.00
-11.39,-8.29,-13.40,16.00,106.00,27.00,-7.90,9.84,-6.29,5.00,71.00,0.00
-10.19,-4.39,-12.70,27.00,27.00,103.00,-8.83,12.78,-10.15,-56.00,89.00,-22.00
-8.53,-0.64,-14.13,26.00,-35.00,78.00,-8.89,5.06,-15.66,-72.00,26.00,-101.00
-6.14,1.68,-12.56,8.00,-83.00,55.00,-9.41,2.70,-14.49,-40.00,-52.00,-88.00
-5.17,5.49,-7.73,-28.00,-98.00,21.00,-5.55,0.17,-8.39,10.00,-85.00,-69.00
-3.26,2.18,-3.88,-40.00,-84.00,-17.00,-3.95,-1.48,-5.37,46.00,-65.00,-16.00
-1.55,-0.36,0.76,-52.00,-38.00,-36.00,-2.41,-0.08,-1.98,66.00,-37.00,18.00
-2.55,-3.99,2.11,-70.00,39.00,-24.00,-3.40,2.54,0.18,88.00,33.00,37.00
-3.48,-4.50,-2.23,-60.00,114.00,-19.00,-3.73,7.93,-3.92,80.00,97.00,42.00
-6.45,-8.10,-7.88,-27.00,129.00,-36.00,-5.25,10.53,-6.94,20.00,111.00,33.00
-9.71,-8.11,-14.77,5.00,87.00,66.00,-7.80,13.72,-12.21,-52.00,105.00,-25.00
-10.22,-2.41,-15.41,21.00,-5.00,118.00,-6.62,6.89,-15.62,-81.00,48.00,-98.00
-8.63,1.78,-13.87,14.00,-82.00,66.00,-8.07,3.27,-17.03,-38.00,-60.00,-95.00
-5.72,3.95,-10.19,-10.00,-107.00,41.00,-5.17,0.12,-10.46,6.00,-106.00,-72.00
-3.65,4.81,-4.77,-29.00,-78.00,-25.00,-3.97,-0.57,-5.52,39.00,-87.00,-15.00
-1.27,0.78,-2.25,-45.00,-55.00,-51.00,-2.25,1.12,-1.73,79.00,-41.00,5.00
-1.82,-2.63,1.53,-60.00,-2.00,-50.00,-2.99,3.94,0.64,82.00,24.00,29.00
-1.10,-6.85,-1.02,-84.00,91.00,-25.00,-3.82,6.57,-2.35,71.00,80.00,47.00
-5.70,-10.83,-9.56,-45.00,129.00,8.00,-6.46,9.29,-7.58,35.00,106.00,19.00
-9.98,-9.13,-10.73,31.00,108.00,33.00,-7.88,13.57,-10.83,-49.00,91.00,-10.00
-8.97,-3.13,-15.97,33.00,38.00,95.00,-10.08,7.31,-15.97,-71.00,31.00,-96.00
-7.75,1.26,-15.72,15.00,-61.00,60.00,-7.85,2.27,-15.01,-39.00,-63.00,-89.00
-4.91,1.33,-11.58,-2.00,-105.00,42.00,-5.31,0.07,-10.50,10.00,-97.00,-57.00
-4.85,4.70,-6.15,-30.00,-93.00,0.00,-3.24,0.12,-4.53,33.00,-75.00,-11.00
-2.81,0.79,-2.91,-39.00,-62.00,-43.00,-3.05,0.81,-1.53,52.00,-33.00,18.00
-2.12,-2.00,-0.32,-62.00,-19.00,-41.00,-3.34,2.83,-0.03,67.00,32.00,38.00
-2.07,-6.07,-0.46,-76.00,48.00,-32.00,-4.15,7.87,-2.41,56.00,88.00,48.00
-3.88,-8.10,-4.03,-68.00,104.00,5.00,-5.67,11.35,-6.67,9.00,98.00,20.00
-8.25,-8.29,-8.75,-22.00,86.00,24.00,-7.85,10.26,-11.52,-54.00,79.00,-42.00
-10.03,-7.51,-13.56,20.00,66.00,83.00,-9.76,5.49,-17.55,-47.00,8.00,-113.00
-10.60,-0.04,-14.44,24.00,-20.00,108.00,-8.77,0.09,-15.51,-14.00,-88.00,-78.00
-7.62,0.43,-14.19,13.00,-78.00,54.00,-4.04,-0.21,-8.30,20.00,-99.00,-41.00
-4.38,3.20,-8.07,-18.00,-118.00,46.00,-2.49,0.15,-3.83,42.00,-67.00,7.00
-4.35,4.74,-1.98,-30.00,-71.00,-19.00,-2.23,2.17,-0.90,79.00,-14.00,26.00
-2.12,1.42,-1.25,-49.00,-26.00,-54.00,-2.65,6.87,-1.93,89.00,56.00,38.00
-1.70,-3.13,-0.97,-71.00,18.00,-31.00,-3.21,10.33,-3.05,40.00,84.00,49.00
-3.30,-5.28,-2.64,-75.00,97.00,-15.00,-6.33,14.32,-7.85,-19.00,101.00,3.00
-7.17,-7.93,-7.71,-42.00,101.00,-7.00,-9.73,8.97,-13.95,-58.00,73.00,-79.00
-7.95,-10.46,-10.41,-1.00,78.00,37.00,-8.84,7.46,-15.33,-45.00,-26.00,-102.00
-7.99,-4.22,-14.76,36.00,46.00,121.00,-5.30,1.61,-12.04,0.00,-79.00,-83.00
-9.74,-1.65,-15.61,47.00,-41.00,64.00,-4.21,-1.03,-6.66,24.00,-86.00,-35.00
-5.96,1.17,-12.51,20.00,-98.00,54.00,-3.54,-0.89,-2.68,64.00,-61.00,-3.00
-4.94,5.35,-7.17,-24.00,-106.00,19.00,-3.05,2.09,-0.26,78.00,1.00,29.00
-2.73,3.93,-3.42,-40.00,-71.00,-64.00,-3.05,5.96,-1.19,75.00,71.00,32.00
-0.11,-3.90,-0.17,-66.00,-37.00,-43.00,-4.32,10.36,-5.11,16.00,106.00,60.00
-1.27,-6.28,0.13,-62.00,32.00,-20.00,-7.17,12.04,-9.92,-53.00,102.00,35.00
-4.22,-6.59,-4.40,-64.00,98.00,2.00,-6.77,11.44,-14.90,-64.00,75.00,-87.00
-8.13,-8.49,-10.42,-21.00,97.00,-6.00,-8.30,7.16,-15.31,-62.00,-16.00,-104.00
-10.01,-8.36,-12.74,18.00,82.00,77.00,-5.45,2.46,-12.33,-6.00,-88.00,-77.00
-8.61,-0.20,-15.80,16.00,-9.00,120.00,-3.64,0.76,-6.06,33.00,-102.00,-42.00
-7.43,1.94,-14.13,18.00,-71.00,58.00,-3.20,0.80,-1.40,67.00,-69.00,-10.00
-6.36,3.84,-9.64,-13.00,-100.00,39.00,-2.58,2.28,1.15,63.00,-4.00,34.00
-2.68,3.72,-5.40,-34.00,-85.00,-9.00,-2.06,5.57,-0.49,95.00,56.00,33.00
-1.47,1.58,-1.76,-45.00,-57.00,-37.00,-2.77,9.92,-4.87,50.00,99.00,37.00
-2.22,-2.17,1.40,-57.00,-1.00,-48.00,-6.18,13.50,-7.36,-15.00,121.00,11.00
-2.67,-5.69,0.12,-81.00,94.00,-14.00,-7.15,13.22,-14.20,-77.00,108.00,-77.00
-3.04,-7.19,-7.10,-55.00,131.00,-1.00,-6.96,4.74,-17.72,-49.00,2.00,-116.00
-7.28,-11.06,-14.91,8.00,115.00,17.00,-5.51,1.95,-13.26,6.00,-73.00,-90.00
-9.50,-5.56,-16.83,27.00,29.00,110.00,-3.60,-0.17,-7.87,41.00,-93.00,-42.00
-7.37,1.07,-15.92,21.00,-55.00,77.00,-2.84,-0.35,-3.30,55.00,-74.00,9.00
-4.26,0.02,-14.11,-1.00,-108.00,71.00,-2.95,1.59,-0.19,60.00,-19.00,33.00
-3.89,4.17,-7.71,-14.00,-125.00,9.00,-3.51,4.41,-0.44,77.00,58.00,51.00
-2.16,1.26,-1.97,-28.00,-72.00,-28.00,-4.32,8.16,-4.43,40.00,97.00,46.00
-1.00,-0.95,1.53,-67.00,-18.00,-22.00,-6.31,10.10,-8.44,-19.00,111.00,8.00
-0.41,-5.09,0.51,-62.00,89.00,-33.00,-7.58,11.88,-16.40,-54.00,73.00,-76.00
-2.75,-5.40,-5.79,-56.00,131.00,-18.00,-7.47,1.83,-16.08,-27.00,-23.00,-125.00
-8.26,-9.93,-13.81,-5.00,128.00,-32.00,-5.42,1.12,-13.44,-2.00,-80.00,-82.00
-10.92,-7.36,-17.58,25.00,50.00,78.00,-4.21,-2.31,-7.96,26.00,-102.00,-19.00
-6.71,-2.19,-16.00,5.00,-37.00,98.00,-3.22,-0.47,-4.13,40.00,-67.00,25.00
-4.94,0.17,-13.94,11.00,-85.00,63.00,-3.09,1.68,-1.27,71.00,-19.00,34.00
-3.89,4.58,-9.70,-27.00,-118.00,22.00,-3.37,5.59,0.18,80.00,45.00,37.00
-2.17,2.12,-4.22,-31.00,-89.00,-29.00,-3.96,8.90,-2.90,50.00,87.00,29.00
-1.22,0.40,0.16,-49.00,-41.00,-39.00,-6.82,9.48,-7.31,-25.00,83.00,21.00
-1.73,-3.03,1.46,-70.00,43.00,-40.00,-9.12,11.28,-14.19,-69.00,84.00,-38.00
-2.40,-7.75,-4.20,-66.00,120.00,-29.00,-11.53,3.38,-16.96,-71.00,-18.00,-83.00
-6.14,-9.20,-11.10,-23.00,94.00,7.00,-6.82,0.89,-12.32,-3.00,-70.00,-97.00
-9.55,-9.24,-13.34,31.00,72.00,69.00,-5.28,-0.68,-8.35,20.00,-74.00,-19.00
-9.21,-1.10,-14.53,23.00,1.00,107.00,-4.04,-0.99,-3.65,64.00,-55.00,0.00
-7.26,2.13,-15.89,10.00,-93.00,65.00,-3.23,1.94,-1.40,61.00,-15.00,29.00
-4.33,2.72,-10.53,-13.00,-118.00,18.00,-4.39,3.89,-0.16,63.00,43.00,29.00
-2.05,2.99,-4.14,-33.00,-98.00,-29.00,-4.03,7.17,-2.52,30.00,84.00,46.00
-1.72,0.29,-0.06,-43.00,-28.00,-50.00,-5.33,11.00,-8.91,-19.00,106.00,21.00
-2.15,-3.35,0.28,-85.00,41.00,-29.00,-8.59,12.70,-14.20,-72.00,93.00,-31.00
-3.28,-8.84,-3.91,-72.00,113.00,11.00,-10.06,2.54,-18.12,-55.00,-20.00,-97.00
-8.06,-8.37,-9.99,-6.00,131.00,22.00,-5.93,2.40,-12.68,-15.00,-69.00,-79.00
-11.19,-6.01,-13.24,31.00,62.00,43.00,-4.25,0.30,-8.73,8.00,-86.00,-38.00
-9.50,-0.69,-16.31,26.00,-26.00,105.00,-4.23,0.44,-4.28,25.00,-71.00,-4.00
-6.78,0.70,-14.78,23.00,-70.00,50.00,-2.94,0.37,0.27,63.00,-36.00,8.00
-4.05,3.48,-9.89,-30.00,-110.00,49.00,-3.05,2.59,1.16,83.00,49.00,32.00
-2.32,3.92,-4.40,-34.00,-77.00,-35.00,-4.37,6.97,-4.42,59.00,91.00,36.00
-0.69,-0.38,-0.38,-59.00,-45.00,-36.00,-7.31,10.06,-8.57,9.00,108.00,20.00
-2.40,-3.42,0.87,-61.00,46.00,-40.00,-6.85,12.73,-13.17,-47.00,112.00,-50.00
-3.58,-6.77,-4.66,-53.00,106.00,0.00,-8.69,3.72,-17.64,-76.00,9.00,-89.00
-5.27,-7.28,-7.75,4.00,131.00,-29.00,-6.07,3.20,-15.60,-14.00,-73.00,-90.00
-9.07,-6.83,-14.49,8.00,121.00,38.00,-4.44,-1.45,-9.58,20.00,-101.00,-44.00
-9.61,-4.51,-20.88,9.00,0.00,111.00,-4.03,-0.53,-5.09,60.00,-77.00,-7.00
-5.71,-1.02,-15.09,9.00,-94.00,74.00,-3.38,1.01,-0.57,82.00,-24.00,7.00
-3.51,-0.23,-12.66,-14.00,-120.00,45.00,-2.71,3.71,-0.15,74.00,42.00,29.00
-2.90,1.52,-6.19,-37.00,-120.00,9.00,-3.78,5.79,-4.52,56.00,101.00,43.00
-2.39,1.10,-0.34,-38.00,-84.00,-17.00,-5.44,10.66,-9.74,7.00,112.00,37.00
-2.54,-1.25,2.44,-29.00,1.00,-60.00,-7.46,13.14,-12.23,-50.00,92.00,-21.00
-1.02,-4.16,0.74,-79.00,94.00,-48.00,-9.71,4.08,-17.43,-50.00,13.00,-114.00
-2.80,-8.57,-7.86,-85.00,131.00,-40.00,-6.85,3.64,-15.50,-22.00,-87.00,-98.00
-7.84,-11.40,-11.12,-29.00,105.00,19.00,-4.48,-1.41,-7.93,29.00,-107.00,-71.00
-9.14,-7.85,-13.12,33.00,67.00,59.00,-3.55,-3.63,-3.83,57.00,-65.00,-4.00
-8.48,-3.42,-15.26,14.00,-19.00,113.00,-3.04,-0.48,-2.75,59.00,-12.00,36.00
-6.16,1.11,-14.50,0.00,-92.00,71.00,-4.34,2.90,-1.88,55.00,40.00,41.00
-5.23,2.67,-10.83,-22.00,-105.00,29.00,-4.88,6.88,-3.47,36.00,82.00,49.00
-2.25,2.17,-4.76,-32.00,-99.00,-14.00,-6.36,9.07,-6.80,-11.00,104.00,35.00
-1.61,0.81,0.60,-33.00,-55.00,-39.00,-8.68,9.29,-12.53,-59.00,86.00,-10.00
-2.73,-1.20,2.91,-59.00,24.00,-40.00,-8.91,6.44,-17.53,-47.00,42.00,-106.00
-3.32,-4.42,-2.91,-90.00,115.00,-36.00,-8.77,0.19,-16.04,-46.00,-64.00,-70.00
-6.19,-8.18,-10.39,-59.00,126.00,-7.00,-5.42,1.12,-10.35,0.00,-94.00,-56.00
-8.68,-8.87,-13.12,19.00,94.00,0.00,-4.57,0.47,-5.23,19.00,-82.00,-19.00
-8.44,-7.73,-14.88,36.00,38.00,102.00,-3.82,-0.50,-1.64,62.00,-53.00,6.00
-8.76,0.75,-15.63,23.00,-60.00,107.00,-2.75,3.89,0.49,65.00,-1.00,23.00
-4.47,2.40,-12.00,-15.00,-95.00,51.00,-3.69,5.90,-0.46,64.00,57.00,21.00
-3.52,3.50,-7.09,-34.00,-105.00,-1.00,-4.42,8.39,-4.36,27.00,99.00,18.00
-2.10,1.24,-2.00,-35.00,-72.00,-39.00,-6.87,11.03,-9.21,-46.00,93.00,27.00
-2.14,-1.49,1.34,-52.00,-8.00,-42.00,-10.27,9.98,-16.74,-43.00,59.00,-81.00
-2.79,-5.00,0.79,-75.00,76.00,-20.00,-8.91,1.81,-16.62,-43.00,-20.00,-105.00
-3.56,-7.69,-5.92,-54.00,131.00,-11.00,-6.01,1.47,-11.43,-21.00,-82.00,-60.00
-6.68,-7.86,-12.15,-14.00,131.00,8.00,-5.16,-1.42,-6.79,39.00,-95.00,-30.00
-9.44,-5.97,-18.04,21.00,67.00,77.00,-3.80,-0.58,-2.38,59.00,-65.00,1.00
-8.82,0.68,-17.36,27.00,-49.00,80.00,-2.71,1.51,0.09,56.00,-11.00,34.00
-5.54,-1.08,-12.75,10.00,-103.00,53.00,-3.19,4.08,-0.16,73.00,67.00,29.00
-3.84,3.50,-8.15,-8.00,-121.00,23.00,-4.01,8.23,-4.07,40.00,99.00,33.00
-3.36,3.90,-4.07,-27.00,-83.00,-33.00,-5.59,11.37,-9.53,-19.00,91.00,3.00
-1.66,-0.69,-0.02,-65.00,-42.00,-37.00,-6.72,13.72,-13.85,-61.00,85.00,-57.00
-2.26,-4.66,0.94,-71.00,50.00,-24.00,-8.85,5.63,-17.06,-112.00,26.00,-53.00
-2.45,-7.42,-4.59,-53.00,99.00,7.00,-6.24,2.98,-13.55,-33.00,-64.00,-81.00
-4.78,-7.68,-8.46,-10.00,128.00,23.00,-4.28,1.23,-7.87,12.00,-95.00,-56.00
-8.75,-7.59,-15.16,25.00,87.00,44.00,-4.58,-0.49,-2.94,11.00,-72.00,9.00
-9.39,-0.86,-17.74,22.00,-10.00,105.00,-4.09,0.88,-0.55,55.00,-42.00,10.00
-7.14,1.02,-14.35,11.00,-78.00,36.00,-2.86,2.81,0.86,71.00,14.00,18.00
-4.48,0.49,-11.02,-10.00,-105.00,30.00,-3.22,6.19,-2.04,68.00,76.00,34.00
-2.98,2.04,-5.93,-14.00,-100.00,-12.00,-3.36,9.99,-7.90,20.00,109.00,53.00
-3.03,1.44,-1.02,-42.00,-67.00,-32.00,-7.14,14.16,-13.61,-13.00,112.00,-29.00
-2.52,-2.39,1.77,-82.00,-22.00,-22.00,-7.64,9.92,-16.57,-47.00,31.00,-96.00
-3.39,-6.70,-0.63,-66.00,72.00,-3.00,-5.64,4.36,-14.91,-45.00,-56.00,-82.00
-4.55,-5.90,-5.61,-31.00,124.00,16.00,-4.99,0.88,-9.23,2.00,-78.00,-70.00
-9.38,-6.53,-11.65,-3.00,131.00,46.00,-4.85,1.00,-5.70,25.00,-69.00,-24.00
-11.53,-2.92,-14.58,10.00,41.00,100.00,-3.62,0.88,-2.69,38.00,-49.00,16.00
-8.62,-0.84,-16.16,12.00,-34.00,73.00,-2.03,2.21,0.78,78.00,-9.00,8.00
-6.10,0.24,-16.44,-14.00,-105.00,69.00,-3.44,5.19,-1.72,70.00,80.00,46.00
-2.84,2.81,-8.96,-39.00,-121.00,23.00,-4.72,10.77,-6.62,28.00,101.00,45.00
-1.84,1.83,-4.15,-31.00,-82.00,-30.00,-7.17,9.68,-11.00,-25.00,84.00,-13.00
-2.09,-0.24,-0.02,-51.00,-45.00,-33.00,-9.10,9.07,-14.41,-54.00,61.00,-75.00
-2.51,-3.66,1.92,-71.00,38.00,-8.00,-8.87,3.32,-16.44,-49.00,-39.00,-79.00
-5.02,-3.74,-4.06,-52.00,131.00,17.00,-5.87,2.06,-11.72,-9.00,-70.00,-72.00
-7.79,-5.67,-11.38,-1.00,131.00,-4.00,-5.59,-0.91,-8.15,2.00,-70.00,-13.00
-7.10,-4.98,-14.48,18.00,99.00,51.00,-4.86,-0.85,-4.27,48.00,-63.00,2.00
-9.03,1.05,-17.46,11.00,3.00,95.00,-3.09,2.45,-1.77,63.00,-31.00,24.00
-7.45,1.44,-17.55,12.00,-98.00,41.00,-3.41,4.74,-0.39,67.00,25.00,24.00
-4.18,0.80,-11.20,-22.00,-126.00,38.00,-4.61,5.96,-2.54,50.00,70.00,25.00
-2.15,4.04,-5.76,-47.00,-99.00,3.00,-5.44,7.94,-6.07,4.00,83.00,23.00
-1.86,2.77,-1.69,-47.00,-49.00,-32.00,-6.84,8.85,-9.10,-39.00,90.00,-15.00
-2.95,-1.05,0.70,-53.00,28.00,-27.00,-8.49,10.84,-16.32,-52.00,55.00,-55.00
-4.31,-3.99,-1.94,-53.00,104.00,-15.00,-8.43,4.59,-14.96,-53.00,-22.00,-63.00
-4.58,-6.35,-6.21,-30.00,131.00,-21.00,-6.53,2.18,-11.10,-21.00,-66.00,-69.00
-7.08,-8.17,-11.23,1.00,99.00,12.00,-5.53,-0.44,-6.87,12.00,-84.00,-42.00
-7.70,-5.03,-15.79,22.00,58.00,90.00,-4.88,-0.08,-3.90,31.00,-61.00,-9.00
-8.59,1.58,-17.43,6.00,-56.00,85.00,-4.50,0.17,-2.41,50.00,-40.00,12.00
-4.68,1.12,-13.57,-11.00,-113.00,48.00,-3.90,2.45,0.42,73.00,6.00,16.00
-3.71,3.04,-8.43,-23.00,-117.00,13.00,-4.57,5.09,-1.48,64.00,63.00,29.00
-3.11,1.94,-2.75,-42.00,-91.00,-21.00,-5.95,6.27,-4.36,39.00,64.00,37.00
-1.99,-1.12,0.46,-54.00,-32.00,-39.00,-5.95,10.39,-7.13,12.00,87.00,13.00
-2.95,-3.84,1.65,-68.00,29.00,-12.00,-7.78,13.27,-11.50,-42.00,81.00,-57.00
-4.66,-5.62,-2.17,-43.00,111.00,-3.00,-8.18,4.77,-13.57,-66.00,2.00,-72.00
-7.80,-7.35,-8.85,5.00,131.00,-7.00,-7.94,1.70,-13.11,-39.00,-45.00,-52.00
-9.83,-5.24,-11.17,32.00,110.00,42.00,-5.98,1.85,-8.50,-15.00,-71.00,-38.00
-10.39,-2.42,-18.69,16.00,22.00,81.00,-7.20,1.38,-4.88,4.00,-64.00,-9.00
-8.38,0.15,-14.98,19.00,-79.00,60.00,-6.32,0.09,-3.74,62.00,-55.00,-13.00
-6.10,2.65,-12.12,-8.00,-122.00,52.00,-4.51,1.78,-2.10,73.00,-21.00,17.00
-4.49,2.54,-5.95,-7.00,-117.00,-19.00,-3.06,5.68,-1.15,81.00,16.00,24.00
-2.40,0.42,-0.43,-49.00,-68.00,-10.00,-4.24,5.86,-2.64,52.00,46.00,33.00
-2.03,-2.14,1.42,-61.00,-7.00,-5.00,-4.23,7.55,-5.19,34.00,79.00,23.00
-2.78,-4.88,1.63,-49.00,67.00,-7.00,-3.22,10.69,-8.38,1.00,131.00,31.00
-4.66,-4.82,-3.58,-23.00,131.00,-10.00,-1.01,1.92,-8.73,-6.00,131.00,34.00
-7.44,-6.73,-7.17,-12.00,112.00,3.00,13.52,3.16,-10.51,63.00,131.00,-13.00
-9.53,-7.36,-17.27,7.00,84.00,82.00,11.49,2.65,-10.46,25.00,39.00,51.00
-10.05,0.07,-15.73,10.00,12.00,84.00,10.51,1.47,-7.90,16.00,25.00,-12.00
-6.39,1.48,-14.66,5.00,-69.00,47.00,8.14,0.06,-6.00,-2.00,-1.00,10.00
