8.98,-3.24,-4.76,0.00,1.00,2.00,9.56,-3.23,-4.11,-35.00,-23.00,-4.00
10.58,-0.43,-6.07,77.00,-36.00,-13.00,7.69,-1.74,-2.72,-42.00,-21.00,-2.00
11.69,0.88,-9.38,131.00,-131.00,-72.00,8.32,-0.37,-1.50,-13.00,-29.00,-2.00
7.46,-13.12,-8.38,44.00,-124.00,44.00,8.21,0.42,-1.89,0.00,26.00,15.00
6.97,-7.46,-3.32,69.00,-97.00,58.00,10.13,-0.19,-3.14,13.00,46.00,6.00
1.71,-6.23,0.79,46.00,24.00,73.00,10.51,-0.97,-3.91,4.00,36.00,0.00
-1.77,-4.84,-0.50,-17.00,49.00,57.00,9.71,-0.79,-4.08,2.00,25.00,-5.00
-2.05,-8.25,-1.44,-20.00,42.00,18.00,9.89,-0.17,-2.96,23.00,2.00,-5.00
0.74,-11.29,-1.86,93.00,90.00,4.00,9.80,-0.51,-3.02,28.00,-2.00,-5.00
3.15,-14.53,-1.03,-79.00,110.00,14.00,11.58,-0.39,-2.22,-34.00,-37.00,-5.00
4.10,-10.65,-4.03,-131.00,92.00,78.00,10.27,0.08,-1.05,-54.00,-38.00,-36.00
0.38,-6.39,-2.29,-87.00,-1.00,33.00,8.98,0.02,-0.96,-31.00,-10.00,-17.00
-2.58,-9.65,-9.98,-5.00,-5.00,6.00,9.81,-0.18,-1.29,0.00,0.00,7.00
-1.00,-6.18,-6.85,-5.00,11.00,11.00,9.70,0.85,-1.18,7.00,30.00,33.00
-2.10,-7.43,-7.74,-8.00,0.00,10.00,11.07,0.86,-2.38,27.00,38.00,38.00
-2.87,-3.14,-8.01,0.00,6.00,14.00,11.30,1.40,-2.15,0.00,13.00,23.00
-2.74,-3.54,-9.71,0.00,-2.00,32.00,9.91,1.41,-1.73,-2.00,-8.00,-6.00
-0.67,-4.13,-7.69,45.00,15.00,27.00,12.03,-0.12,-1.76,-15.00,-27.00,-10.00
1.32,-7.90,-5.92,38.00,85.00,-66.00,8.27,0.02,-1.06,-58.00,-3.00,-14.00
6.67,-5.45,-7.25,-15.00,73.00,-76.00,11.97,-2.43,-2.31,40.00,-27.00,-13.00
17.68,-5.00,-6.68,-10.00,48.00,-131.00,8.78,-3.12,-2.27,1.00,-21.00,-8.00
11.52,-6.64,-5.53,14.00,44.00,-79.00,9.73,-2.23,-1.98,-9.00,-19.00,7.00
9.69,-2.71,-4.56,-18.00,14.00,-16.00,8.95,-0.38,-2.22,1.00,22.00,4.00
8.05,-3.76,-3.76,67.00,-10.00,-31.00,9.41,-1.17,-2.54,12.00,11.00,10.00
7.75,-5.24,-5.30,5.00,20.00,13.00,9.92,-0.00,-2.63,-1.00,28.00,5.00
9.71,-2.33,-5.88,-60.00,3.00,45.00,10.04,-1.07,-3.27,19.00,-5.00,-3.00
10.51,1.20,-4.79,-40.00,-34.00,38.00,9.82,-0.60,-2.38,5.00,0.00,-17.00
12.83,-7.11,-4.78,-11.00,-14.00,-1.00,9.33,-0.44,-2.31,10.00,-6.00,-13.00
11.95,-1.38,-3.59,-30.00,-51.00,26.00,9.88,0.18,-1.80,4.00,-7.00,-4.00
7.82,-1.73,-3.07,-9.00,-25.00,6.00,10.47,0.92,-1.68,0.00,-4.00,-8.00
8.93,-2.22,-4.29,-6.00,5.00,4.00,9.85,0.75,-1.38,8.00,-5.00,-21.00
8.47,-2.63,-4.34,13.00,18.00,-2.00,9.95,0.06,-1.66,11.00,0.00,-9.00
9.05,-2.60,-4.97,8.00,37.00,4.00,10.68,0.38,-1.99,-8.00,0.00,2.00
9.47,-1.89,-5.28,6.00,34.00,-6.00,9.90,0.64,-1.51,-28.00,-1.00,-9.00
9.03,-1.97,-5.58,22.00,23.00,-15.00,9.77,0.46,-1.76,-9.00,5.00,10.00
9.87,-2.70,-5.55,21.00,5.00,-13.00,9.67,1.38,-1.09,-25.00,18.00,7.00
9.15,-2.64,-4.77,29.00,-26.00,-4.00,10.61,1.51,-1.88,13.00,16.00,20.00
9.13,-2.63,-4.38,26.00,-25.00,-2.00,10.35,1.39,-2.74,2.00,7.00,9.00
9.05,-2.47,-4.25,13.00,-17.00,2.00,10.41,1.09,-2.24,-15.00,-16.00,-5.00
8.12,-2.10,-4.64,0.00,1.00,4.00,10.17,1.17,-1.82,-17.00,-24.00,-7.00
8.38,-1.61,-4.88,-8.00,6.00,2.00,9.47,0.40,-2.32,4.00,-29.00,-2.00
8.80,-1.23,-4.75,-11.00,15.00,-7.00,11.87,4.52,-7.65,33.00,-3.00,-43.00
9.14,-2.81,-5.23,10.00,23.00,-12.00,26.35,13.48,-15.00,0.00,-71.00,-131.00
8.56,-3.98,-4.90,-39.00,2.00,7.00,16.51,4.23,-0.10,-29.00,-131.00,-131.00
9.59,-2.39,-4.35,-41.00,-4.00,25.00,3.91,-1.99,3.66,-49.00,-59.00,-131.00
9.04,-0.81,-3.99,-9.00,-9.00,19.00,-1.75,-8.63,3.01,-63.00,-50.00,-120.00
9.11,-1.99,-4.21,14.00,-13.00,5.00,-3.13,-16.03,9.85,-95.00,-13.00,73.00
8.83,-2.41,-4.36,-4.00,0.00,2.00,12.95,0.76,2.35,27.00,72.00,131.00
8.78,-2.45,-4.20,-3.00,7.00,-5.00,-15.51,39.24,9.03,-131.00,-45.00,-79.00
8.95,-2.97,-4.45,-6.00,10.00,-3.00,0.62,1.51,4.48,8.00,27.00,-131.00
9.82,-3.32,-3.70,15.00,30.00,15.00,-1.09,-9.36,2.59,49.00,26.00,-89.00
8.86,-3.50,-3.50,17.00,12.00,4.00,-2.74,-15.96,6.90,2.00,4.00,43.00
8.99,-4.88,-3.08,-18.00,11.00,0.00,8.95,-7.18,1.54,80.00,98.00,131.00
8.67,-4.32,-3.14,-32.00,1.00,8.00,28.73,3.11,-7.48,131.00,131.00,131.00
9.17,-3.31,-2.37,-5.00,-16.00,5.00,25.13,15.08,-0.95,-131.00,-53.00,131.00
8.55,-4.11,-3.13,28.00,8.00,-3.00,8.93,15.73,2.93,-51.00,0.00,96.00
8.93,-4.04,-3.80,1.00,-2.00,3.00,10.35,7.70,-1.46,43.00,-6.00,37.00
10.11,-3.48,-3.08,-14.00,-22.00,18.00,9.00,5.57,-1.60,-3.00,-3.00,11.00
8.42,-3.58,-3.17,23.00,0.00,-12.00,8.73,0.86,-6.12,-56.00,-43.00,6.00
8.77,-4.49,-2.99,6.00,13.00,-20.00,9.37,4.59,-1.67,-83.00,-29.00,0.00
8.42,-4.71,-3.82,-15.00,22.00,-13.00,9.38,4.05,-1.65,0.00,-9.00,-4.00
11.99,-10.16,-7.95,-60.00,50.00,25.00,7.84,3.11,-4.72,-28.00,0.00,17.00
22.13,-8.35,-7.02,106.00,-131.00,107.00,9.38,4.61,-2.71,12.00,5.00,2.00
4.86,-16.63,3.05,87.00,-131.00,131.00,8.69,3.32,-2.93,-46.00,-9.00,-5.00
9.06,2.66,-0.30,0.00,28.00,131.00,8.13,2.34,-3.50,-93.00,-23.00,-15.00
1.11,8.13,1.87,131.00,-78.00,63.00,14.32,19.61,-9.42,-118.00,-42.00,-36.00
8.47,9.64,9.71,41.00,-125.00,-131.00,17.54,30.28,13.14,-84.00,39.00,-131.00
15.74,-23.88,7.37,131.00,131.00,-131.00,15.31,2.16,2.17,-51.00,44.00,-131.00
-11.35,-35.26,1.94,35.00,62.00,131.00,4.27,-5.10,-0.90,-129.00,11.00,-131.00
2.66,0.13,-3.80,-20.00,16.00,131.00,1.51,-12.98,-1.89,-131.00,-60.00,-44.00
3.84,13.33,4.76,-36.00,-38.00,69.00,12.49,-8.06,13.38,-131.00,-120.00,131.00
3.18,9.76,1.77,-13.00,18.00,-131.00,13.56,39.24,-10.21,-54.00,50.00,131.00
11.83,-13.37,-17.74,-131.00,131.00,-131.00,1.43,15.56,2.64,63.00,14.00,-131.00
18.10,-25.69,-13.32,61.00,-131.00,-131.00,3.26,-4.66,2.01,28.00,31.00,-131.00
29.75,-16.95,-3.05,6.00,-131.00,-131.00,-2.00,-19.88,4.50,-131.00,8.00,-12.00
15.62,-13.41,0.57,-62.00,-82.00,-9.00,9.25,-10.50,5.11,-19.00,1.00,131.00
9.18,-4.82,0.57,-18.00,-14.00,-32.00,32.15,11.16,-6.33,-38.00,120.00,131.00
6.39,-4.98,2.45,30.00,-14.00,-47.00,17.25,15.11,-5.16,-37.00,-54.00,131.00
8.61,-7.53,1.40,61.00,35.00,-21.00,10.36,12.06,4.11,-62.00,-36.00,131.00
12.14,-4.57,-4.77,49.00,96.00,-5.00,12.59,6.38,0.22,113.00,40.00,115.00
11.43,-6.21,-7.91,77.00,49.00,-40.00,11.74,5.40,-1.74,-127.00,21.00,11.00
9.80,-7.11,-7.38,-20.00,27.00,-17.00,9.71,1.99,-1.50,-64.00,-48.00,-16.00
8.58,-5.94,-4.69,-45.00,-7.00,12.00,10.18,1.08,-1.66,-66.00,-17.00,5.00
9.32,-7.47,-4.79,2.00,-33.00,22.00,8.99,3.56,-1.65,-61.00,-3.00,-1.00
18.40,-24.83,-3.41,131.00,-126.00,131.00,9.18,1.39,-1.69,-76.00,-2.00,3.00
20.37,-18.47,8.81,89.00,104.00,131.00,9.65,6.13,-2.24,-17.00,-5.00,0.00
10.99,-6.43,-0.49,131.00,98.00,131.00,9.47,2.70,-1.65,11.00,-1.00,-1.00
1.27,2.42,-4.88,131.00,6.00,102.00,9.49,3.49,-1.71,7.00,0.00,-7.00
1.77,5.33,-0.22,90.00,-114.00,-3.00,13.34,2.03,-9.77,88.00,17.00,-25.00
9.68,3.71,11.34,36.00,49.00,-131.00,23.10,13.69,-12.74,-22.00,-131.00,-78.00
-9.47,-39.24,2.81,131.00,-117.00,-68.00,18.69,10.19,3.09,-131.00,-122.00,-131.00
-4.52,-14.35,0.44,-16.00,54.00,131.00,10.07,-5.26,2.11,-86.00,-48.00,-131.00
3.46,5.82,-0.60,-2.00,16.00,131.00,2.49,-9.87,0.66,-94.00,-14.00,-131.00
2.38,12.89,2.93,-21.00,-24.00,-1.00,7.45,-23.55,11.91,-131.00,-51.00,131.00
9.61,7.28,3.65,-17.00,92.00,-131.00,13.24,32.66,-2.52,31.00,85.00,131.00
18.28,-6.36,-15.18,0.00,-83.00,-131.00,-5.05,30.66,-0.82,-12.00,22.00,-131.00
14.30,-15.96,-7.28,-75.00,-107.00,-131.00,-0.17,-3.04,2.71,0.00,59.00,-131.00
20.68,-23.19,-5.27,-26.00,1.00,-131.00,-2.06,-16.70,1.61,-57.00,5.00,-28.00
12.50,-8.38,-1.08,-41.00,-3.00,-30.00,9.27,-16.79,2.98,-20.00,-22.00,131.00
7.47,-6.85,-0.79,31.00,-6.00,-44.00,20.78,12.31,-0.19,131.00,131.00,131.00
7.05,-7.87,0.98,78.00,-22.00,-14.00,11.79,18.68,-6.46,-49.00,-16.00,69.00
8.87,-3.40,-2.46,68.00,29.00,34.00,7.54,7.10,-0.72,-7.00,-19.00,117.00
13.07,-1.18,-5.94,37.00,32.00,5.00,12.53,6.39,-0.56,16.00,32.00,114.00
9.78,-3.32,-6.14,9.00,39.00,-3.00,13.21,2.97,-5.27,-78.00,45.00,54.00
9.21,-4.98,-4.29,3.00,0.00,-14.00,10.36,4.04,-1.40,-45.00,-25.00,-15.00
8.35,-6.44,-4.35,-16.00,2.00,9.00,9.02,1.97,-0.69,-71.00,-6.00,-24.00
12.40,-18.96,-9.07,131.00,-125.00,122.00,10.14,5.21,-0.76,-28.00,-14.00,-6.00
17.78,-25.51,5.18,62.00,61.00,131.00,9.15,1.57,-0.36,-31.00,-2.00,-6.00
12.46,-9.39,-1.10,101.00,82.00,131.00,9.55,4.43,-0.32,-18.00,10.00,3.00
3.10,4.92,-2.04,90.00,25.00,131.00,9.81,3.82,-0.85,-30.00,-3.00,-1.00
1.32,7.59,-0.40,76.00,-49.00,1.00,9.14,5.57,-3.12,35.00,14.00,1.00
9.44,5.70,9.70,86.00,24.00,-131.00,19.09,10.78,-14.08,78.00,-29.00,-62.00
-0.25,-39.24,-13.82,67.00,4.00,-128.00,27.06,20.69,-1.29,-69.00,-114.00,-131.00
-10.18,-15.60,1.71,-33.00,3.00,131.00,14.56,-3.98,3.80,-72.00,-76.00,-131.00
-0.23,2.99,0.39,4.00,3.00,131.00,5.02,-9.13,2.32,-66.00,-37.00,-131.00
2.49,11.23,4.55,-28.00,-50.00,34.00,2.83,-23.18,8.78,-131.00,-76.00,122.00
4.57,6.92,1.94,-82.00,131.00,-131.00,9.76,22.28,9.85,131.00,3.00,131.00
9.33,-19.08,-12.88,18.00,-41.00,-128.00,-11.18,39.24,-4.55,-117.00,41.00,-131.00
2.46,-9.78,-2.78,-49.00,-59.00,-131.00,-0.69,0.50,3.58,-95.00,-8.00,-131.00
9.53,-12.43,2.23,-77.00,-37.00,-131.00,-3.06,-27.94,5.52,-131.00,-18.00,-43.00
16.37,-15.03,2.87,131.00,-65.00,-131.00,10.98,-9.17,3.29,34.00,24.00,131.00
8.76,-10.31,1.91,-13.00,8.00,-29.00,26.41,8.04,-0.08,131.00,131.00,131.00
8.95,-5.03,-0.62,79.00,4.00,-6.00,23.70,4.24,-6.82,10.00,-8.00,117.00
8.21,-6.79,-0.92,57.00,-2.00,3.00,14.31,8.85,0.71,-118.00,80.00,74.00
8.95,-4.38,-1.67,38.00,11.00,-5.00,14.36,5.86,-0.39,-10.00,20.00,64.00
9.66,-5.18,-2.18,1.00,11.00,0.00,11.40,3.29,-0.53,-22.00,-13.00,2.00
8.62,-4.95,-3.16,-18.00,6.00,5.00,9.95,1.75,1.50,-103.00,-21.00,-31.00
12.88,-8.80,-12.01,-18.00,-42.00,25.00,9.29,1.78,0.19,-87.00,-1.00,-2.00
18.62,-22.74,1.74,70.00,-94.00,131.00,9.88,2.97,-0.40,-86.00,-9.00,5.00
9.26,-7.17,6.21,110.00,81.00,131.00,10.27,2.49,-1.42,-103.00,0.00,0.00
0.97,10.31,0.78,17.00,90.00,-7.00,10.00,3.60,-1.48,-14.00,0.00,4.00
-1.54,-5.54,9.59,119.00,44.00,12.00,9.88,4.35,-3.56,14.00,36.00,4.00
-6.73,-34.64,-3.23,131.00,40.00,131.00,15.83,4.42,-7.93,88.00,-12.00,17.00
0.32,-1.56,-7.46,59.00,5.00,131.00,28.27,9.78,-5.24,-14.00,-131.00,-73.00
-0.97,7.15,-1.68,42.00,6.00,75.00,19.23,1.94,3.76,-131.00,-131.00,-131.00
-2.27,8.10,-0.29,39.00,-45.00,-19.00,8.84,-5.72,1.12,-82.00,-71.00,-131.00
9.34,15.27,18.73,131.00,-13.00,-131.00,-0.96,-21.49,7.28,-131.00,-79.00,-102.00
28.14,-16.39,-19.96,19.00,131.00,-131.00,9.38,-5.04,3.76,-32.00,15.00,131.00
12.54,-16.35,-3.26,100.00,-131.00,-131.00,-3.96,39.24,-7.79,40.00,-6.00,0.00
14.69,-14.41,4.77,28.00,-65.00,-131.00,-0.17,2.26,1.00,-25.00,-31.00,-131.00
14.74,-11.61,0.64,-82.00,24.00,-131.00,-1.56,-12.24,2.51,94.00,5.00,-82.00
9.10,-9.20,-1.47,-61.00,52.00,-19.00,-1.65,-16.40,4.36,-61.00,-1.00,84.00
8.08,-4.72,-2.18,100.00,2.00,8.00,12.95,-2.40,2.27,105.00,39.00,131.00
8.31,-5.19,-0.72,76.00,5.00,27.00,26.54,20.64,-2.94,131.00,-28.00,131.00
11.74,-0.24,-2.03,49.00,0.00,31.00,13.78,6.04,-6.90,65.00,3.00,131.00
9.89,-1.90,-2.44,44.00,2.00,4.00,13.42,6.13,-1.76,-131.00,55.00,108.00
9.99,-2.77,-2.09,7.00,-1.00,0.00,13.46,8.17,0.66,-50.00,16.00,70.00
8.61,-4.26,-2.31,-27.00,0.00,2.00,10.40,4.36,-1.42,0.00,11.00,-2.00
12.65,-7.57,-9.41,124.00,-96.00,45.00,9.20,2.61,-0.75,-64.00,-11.00,-17.00
19.45,-23.41,0.63,130.00,-40.00,131.00,9.37,3.49,-1.04,-47.00,12.00,-11.00
12.48,-15.40,0.54,48.00,51.00,131.00,11.35,-0.35,-2.98,-48.00,-4.00,-22.00
6.38,-0.43,-1.50,58.00,29.00,131.00,9.09,1.65,-1.34,-60.00,-13.00,11.00
1.23,8.67,2.51,81.00,-34.00,53.00,9.92,2.87,-1.35,1.00,0.00,8.00
7.57,8.91,11.88,21.00,14.00,-131.00,9.40,3.85,-0.67,-13.00,1.00,5.00
-14.85,-39.24,-12.04,-64.00,92.00,-42.00,10.66,7.63,-3.83,76.00,75.00,4.00
-7.75,-9.92,-2.02,9.00,-69.00,131.00,20.61,6.61,-4.13,112.00,-98.00,3.00
-1.08,6.39,2.88,-22.00,16.00,119.00,28.54,12.94,-5.85,58.00,-124.00,-131.00
3.10,17.80,6.80,36.00,-27.00,-27.00,16.64,0.13,1.16,-129.00,-131.00,-131.00
11.05,3.97,3.77,37.00,124.00,-131.00,6.58,-7.99,-1.39,-50.00,-95.00,-131.00
20.93,-5.58,-11.53,47.00,50.00,-131.00,-1.31,-23.54,6.55,-131.00,-116.00,-47.00
9.33,-17.88,-0.46,96.00,-97.00,-131.00,3.63,-2.17,2.60,41.00,65.00,131.00
10.27,-10.26,2.02,51.00,32.00,-131.00,-13.25,36.20,-4.32,-87.00,-5.00,-90.00
12.79,-11.50,0.22,23.00,-20.00,-103.00,-2.10,-2.25,1.92,0.00,17.00,-131.00
9.35,-8.49,-1.25,-8.00,36.00,-7.00,-3.68,-20.73,2.66,-86.00,-8.00,-41.00
8.53,-3.21,-2.21,45.00,7.00,5.00,11.73,-11.84,4.70,-8.00,24.00,131.00
9.20,-6.20,-1.09,93.00,-19.00,14.00,28.79,8.63,4.71,79.00,111.00,131.00
10.65,-3.42,-1.34,46.00,-18.00,18.00,25.85,9.40,-4.29,45.00,-70.00,131.00
8.94,-2.68,-1.52,65.00,-7.00,5.00,16.25,5.37,2.70,-131.00,31.00,105.00
9.77,-4.26,-1.56,31.00,-23.00,0.00,8.49,7.34,2.05,25.00,-28.00,49.00
7.93,-6.08,-1.92,36.00,-19.00,9.00,10.85,3.47,-1.69,-8.00,34.00,-4.00
10.99,-5.27,-6.55,-101.00,-14.00,10.00,9.02,3.73,-0.26,-56.00,-6.00,-14.00
16.26,-18.85,-0.47,99.00,-123.00,131.00,11.45,-6.32,-5.31,-131.00,-24.00,2.00
12.26,-20.46,-1.24,-32.00,-8.00,131.00,10.51,4.74,-1.25,-51.00,2.00,-1.00
7.33,-2.08,0.90,128.00,0.00,131.00,10.18,2.23,-1.26,-16.00,-6.00,-6.00
-0.45,5.11,2.57,116.00,8.00,127.00,9.01,2.51,-1.49,-12.00,0.00,-1.00
2.78,12.81,7.48,131.00,-76.00,-36.00,9.20,2.73,-1.10,-21.00,-1.00,-1.00
1.22,-5.10,1.63,46.00,112.00,-131.00,9.45,3.80,-1.20,7.00,6.00,1.00
-18.91,-27.47,-6.76,55.00,1.00,109.00,10.27,4.26,-3.68,97.00,32.00,11.00
-3.90,0.75,0.10,0.00,2.00,131.00,16.26,-0.34,-5.65,131.00,22.00,73.00
0.14,10.77,4.03,17.00,5.00,16.00,29.73,9.18,-4.33,-91.00,-131.00,-131.00
3.93,9.38,6.14,77.00,24.00,-131.00,18.63,-1.25,3.85,-116.00,-131.00,-131.00
15.69,-6.87,-8.62,-131.00,131.00,-131.00,7.19,-7.22,0.23,-40.00,-96.00,-131.00
15.95,-25.80,-9.15,131.00,-69.00,-131.00,-2.90,-19.11,2.70,-131.00,-80.00,-105.00
20.49,-20.36,3.51,131.00,-61.00,-131.00,6.34,-7.86,7.25,-76.00,-7.00,131.00
10.49,-11.94,-0.83,-117.00,50.00,-15.00,2.11,39.24,-9.17,-47.00,-34.00,18.00
8.26,-4.45,-2.94,4.00,23.00,-30.00,-0.96,3.85,3.18,-15.00,-12.00,-131.00
7.79,-6.99,-1.44,74.00,-12.00,-25.00,-0.40,-16.07,2.54,57.00,1.00,-92.00
9.15,-7.18,-2.05,40.00,10.00,30.00,0.47,-24.78,3.07,-68.00,-33.00,131.00
10.34,-0.14,-3.02,29.00,12.00,5.00,11.77,5.45,-0.12,27.00,71.00,131.00
10.57,-2.04,-1.62,53.00,-11.00,6.00,22.40,18.24,-8.51,-131.00,-59.00,-6.00
9.86,-3.28,-1.82,-17.00,6.00,-1.00,6.33,5.22,3.70,68.00,-131.00,121.00
9.36,-3.86,-1.14,-2.00,3.00,-4.00,11.07,8.18,3.37,32.00,46.00,131.00
8.82,-4.59,-2.56,-24.00,15.00,0.00,14.54,7.50,-0.05,0.00,60.00,77.00
14.62,-6.51,-8.65,78.00,-113.00,41.00,12.35,5.43,-0.05,-43.00,15.00,6.00
14.00,-21.10,-1.13,59.00,-81.00,131.00,10.84,4.29,0.10,-34.00,7.00,-43.00
10.98,-14.33,2.07,119.00,-4.00,131.00,12.00,-7.30,-6.04,-44.00,-24.00,-24.00
3.45,-1.67,-2.13,108.00,61.00,131.00,11.78,5.59,1.53,0.00,1.00,1.00
0.77,7.19,1.40,113.00,-30.00,37.00,8.72,2.03,2.30,-27.00,-25.00,-28.00
3.17,3.38,7.43,49.00,7.00,-131.00,8.97,0.53,1.40,-35.00,6.00,6.00
-14.89,-30.91,-6.96,-25.00,0.00,-32.00,10.12,2.95,1.22,-39.00,10.00,4.00
-8.27,-3.04,-0.58,44.00,-62.00,116.00,11.07,6.42,-2.41,13.00,22.00,6.00
-3.01,9.37,4.98,17.00,-4.00,32.00,15.62,2.64,-4.15,80.00,-26.00,28.00
4.30,15.88,13.12,19.00,7.00,-112.00,25.82,13.89,-1.36,119.00,-69.00,-88.00
17.49,-7.89,-5.54,14.00,131.00,-131.00,25.15,7.92,2.46,-64.00,-131.00,-131.00
17.29,-12.55,-10.79,16.00,-14.00,-131.00,13.52,-3.37,1.87,-63.00,-99.00,-131.00
12.05,-10.79,0.67,24.00,-60.00,-131.00,1.77,-15.40,1.49,-83.00,-50.00,-131.00
13.40,-18.09,0.19,20.00,33.00,-131.00,5.74,-18.31,3.63,5.00,-39.00,131.00
9.67,-7.84,-1.32,26.00,31.00,-5.00,6.44,39.24,-1.07,131.00,40.00,131.00
7.70,-6.37,-1.06,75.00,0.00,-1.00,-4.56,13.15,3.88,8.00,-32.00,-131.00
8.82,-6.68,-0.49,68.00,-1.00,13.00,-2.36,-4.34,2.74,90.00,24.00,-103.00
10.01,-1.21,-1.19,110.00,-5.00,20.00,-3.26,-18.27,5.25,-68.00,-27.00,-22.00
10.98,-3.99,-0.54,37.00,-29.00,5.00,17.96,3.57,8.03,-74.00,-34.00,131.00
9.19,-3.86,0.08,-23.00,9.00,-2.00,38.53,9.01,1.70,-29.00,40.00,131.00
9.18,-3.43,0.62,-6.00,-8.00,-2.00,23.60,10.20,-10.95,93.00,-1.00,131.00
7.71,-4.62,0.14,-21.00,4.00,3.00,14.92,6.23,3.49,-131.00,-7.00,105.00
11.70,-5.50,-3.84,58.00,-102.00,58.00,12.03,8.67,2.56,37.00,-16.00,42.00
13.60,-23.31,4.85,131.00,27.00,131.00,8.95,3.40,-1.05,1.00,20.00,10.00
12.21,-17.53,3.87,29.00,119.00,131.00,9.06,4.06,-0.70,-45.00,0.00,-13.00
6.70,2.05,-1.54,107.00,29.00,131.00,10.60,3.65,-0.80,-61.00,13.00,-22.00
0.43,4.92,-0.24,115.00,-2.00,83.00,11.46,-2.13,-5.11,-131.00,20.00,-27.00
4.51,7.77,10.63,124.00,-66.00,-118.00,9.67,4.73,-0.14,-64.00,-28.00,-5.00
-9.71,-39.11,-9.29,105.00,32.00,-131.00,9.77,3.87,0.42,6.00,4.00,2.00
-10.68,-11.61,2.19,-52.00,-13.00,131.00,9.49,4.16,1.34,-4.00,0.00,6.00
0.29,9.04,2.87,-19.00,7.00,111.00,7.75,8.09,2.17,40.00,32.00,18.00
2.45,14.35,4.86,-16.00,-20.00,-40.00,21.21,4.53,3.28,131.00,102.00,86.00
14.24,5.21,5.31,-36.00,131.00,-131.00,29.90,12.41,2.34,125.00,-131.00,-51.00
39.24,-17.65,-6.81,16.00,131.00,-131.00,22.62,-2.60,11.02,-67.00,-131.00,-131.00
22.16,-12.41,-0.84,85.00,52.00,-131.00,8.29,-4.29,4.42,-95.00,-85.00,-131.00
11.18,-13.75,-1.98,69.00,25.00,-61.00,-2.13,-25.13,8.91,-131.00,-77.00,-87.00
9.89,-8.50,-0.70,79.00,0.00,-20.00,8.43,-9.70,4.86,-55.00,-35.00,131.00
7.65,-6.61,0.40,93.00,-26.00,1.00,3.43,39.24,0.67,-115.00,-16.00,45.00
8.17,-6.05,0.22,65.00,-10.00,9.00,-2.65,6.04,3.73,44.00,26.00,-131.00
9.66,-3.41,-0.15,30.00,8.00,15.00,0.45,-6.80,1.59,95.00,20.00,-118.00
11.07,-1.95,0.12,27.00,3.00,23.00,-3.53,-19.05,4.87,-63.00,1.00,31.00
9.95,-4.05,-0.06,70.00,-1.00,8.00,13.00,-3.68,6.08,59.00,4.00,131.00
9.14,-5.01,1.15,19.00,-2.00,1.00,33.73,9.21,-0.41,131.00,131.00,131.00
8.83,-3.06,1.05,7.00,-3.00,3.00,27.47,14.20,-6.71,61.00,-36.00,131.00
9.60,-5.16,-1.90,-47.00,8.00,-2.00,10.63,2.04,-4.89,-66.00,31.00,55.00
12.72,-16.37,-0.54,86.00,-124.00,123.00,10.52,3.53,-1.21,-89.00,59.00,20.00
16.55,-23.19,8.59,0.00,55.00,131.00,11.38,4.18,-1.10,-49.00,32.00,42.00
10.95,-8.47,1.38,57.00,49.00,131.00,10.87,4.23,-1.23,-44.00,27.00,-6.00
4.04,2.31,-1.95,81.00,37.00,131.00,10.77,2.19,-1.81,-30.00,19.00,-36.00
0.72,8.15,1.00,44.00,-42.00,34.00,11.20,0.52,-2.58,-27.00,15.00,-34.00
5.93,7.36,8.78,8.00,5.00,-131.00,10.77,-1.10,-1.76,-68.00,-17.00,-23.00
-15.34,-39.24,-8.77,60.00,-17.00,-121.00,9.64,1.43,-0.71,7.00,-2.00,2.00
-5.75,-12.54,1.17,-71.00,-15.00,131.00,10.12,0.89,-1.29,-5.00,-15.00,6.00
-0.51,4.42,2.37,-18.00,9.00,125.00,9.03,3.07,0.21,-4.00,8.00,4.00
-0.95,7.93,2.57,5.00,12.00,-36.00,10.64,5.71,-0.65,81.00,43.00,18.00
3.71,2.72,0.94,-20.00,83.00,-131.00,23.84,1.90,-9.04,105.00,-14.00,39.00
21.48,-3.66,-3.62,-77.00,131.00,-131.00,26.47,8.42,1.11,-70.00,-131.00,-131.00
21.38,-14.40,-6.15,23.00,-20.00,-131.00,13.96,-1.88,4.22,-100.00,-131.00,-131.00
14.53,-16.96,3.15,111.00,-62.00,-130.00,3.63,-5.88,1.96,-45.00,-72.00,-131.00
10.34,-6.64,-1.67,-49.00,45.00,-31.00,-2.60,-15.27,2.82,-131.00,-30.00,-101.00
7.90,-5.32,-1.07,40.00,-8.00,-42.00,-0.08,-11.74,4.15,-68.00,-44.00,131.00
7.45,-7.96,-0.53,64.00,-10.00,-4.00,-1.12,39.24,7.75,-9.00,13.00,131.00
9.09,-4.52,-3.46,17.00,34.00,28.00,-4.71,15.79,1.57,38.00,9.00,-131.00
10.43,-5.49,-5.27,107.00,-47.00,19.00,-2.79,-2.54,3.07,40.00,20.00,-118.00
9.45,-2.93,-3.49,37.00,-6.00,11.00,-4.43,-12.75,3.07,-59.00,-8.00,-16.00
9.83,-1.98,-2.51,-3.00,-2.00,-3.00,1.93,-5.73,3.25,-27.00,-9.00,131.00
9.28,-3.90,-1.55,3.00,-9.00,0.00,11.11,11.90,2.55,14.00,62.00,131.00
8.81,-4.02,-1.85,-18.00,0.00,0.00,23.38,14.88,-4.30,123.00,-21.00,131.00
13.30,-20.35,-6.57,3.00,22.00,91.00,10.73,1.75,-4.23,-24.00,-3.00,110.00
17.23,-21.34,-5.76,-5.00,-44.00,131.00,10.68,10.17,2.46,-69.00,-2.00,68.00
11.81,-2.70,-0.15,49.00,-99.00,131.00,12.45,5.56,1.72,-131.00,52.00,31.00
2.38,2.44,0.58,92.00,-3.00,131.00,9.81,3.68,1.27,-39.00,5.00,-1.00
-0.93,6.69,1.67,111.00,-13.00,3.00,10.71,4.23,0.90,-70.00,26.00,-12.00
1.43,6.33,4.80,39.00,-61.00,-123.00,10.79,3.71,0.73,-37.00,19.00,-13.00
3.57,-17.98,1.41,35.00,131.00,-131.00,10.72,1.07,-0.76,-34.00,11.00,-26.00
-12.17,-31.42,-0.41,32.00,-1.00,126.00,9.69,1.71,0.71,-33.00,-7.00,-1.00
1.34,-0.93,2.74,-28.00,21.00,131.00,10.20,2.16,0.82,-10.00,-15.00,2.00
0.77,11.64,3.54,36.00,8.00,46.00,9.16,3.50,1.43,21.00,-11.00,1.00
2.88,7.75,1.32,14.00,11.00,-131.00,9.48,4.71,0.29,45.00,6.00,14.00
13.58,-4.40,-4.48,-37.00,98.00,-131.00,17.43,5.56,-0.95,131.00,28.00,36.00
24.70,-15.74,-3.62,-68.00,-41.00,-131.00,29.82,17.32,6.72,-61.00,-131.00,-131.00
25.31,-15.07,-1.45,-61.00,-27.00,-131.00,15.72,2.57,6.52,-14.00,-97.00,-131.00
11.59,-12.14,-2.10,127.00,15.00,-64.00,4.74,-6.41,1.04,-40.00,-38.00,-131.00
7.16,-5.60,-0.99,-22.00,-3.00,-39.00,-1.60,-12.96,5.17,-116.00,-17.00,-70.00
7.00,-6.93,-0.96,58.00,-8.00,-16.00,7.18,-8.44,5.13,-86.00,13.00,131.00
9.30,-5.22,-1.00,121.00,-9.00,24.00,7.42,39.24,-6.30,43.00,-17.00,75.00
10.95,-3.66,-6.59,34.00,44.00,6.00,-1.46,9.53,0.68,53.00,-11.00,-131.00
11.50,0.09,-5.76,-16.00,23.00,0.00,-1.67,-4.30,2.65,61.00,2.00,-104.00
9.74,-2.74,-3.17,28.00,-15.00,-4.00,-3.63,-16.20,6.58,-76.00,-9.00,-10.00
8.94,-3.56,-1.73,23.00,-12.00,-11.00,18.09,-5.90,9.91,-65.00,-16.00,131.00
7.56,-6.19,-2.61,-89.00,32.00,5.00,36.51,-0.99,1.16,122.00,131.00,131.00
14.95,-10.38,-9.25,-11.00,-20.00,92.00,30.82,5.42,-0.19,-131.00,-96.00,131.00
16.64,-18.28,-3.49,93.00,-104.00,131.00,12.30,10.82,1.92,-42.00,17.00,49.00
10.34,-13.50,0.59,72.00,-41.00,131.00,9.67,2.73,-0.66,29.00,-23.00,10.00
5.85,-1.70,-0.36,-1.00,-10.00,131.00,9.00,2.95,-0.38,-54.00,17.00,17.00
0.05,5.88,0.87,79.00,-22.00,73.00,10.18,3.47,-0.53,-40.00,7.00,-5.00
0.28,9.24,6.12,102.00,-46.00,-62.00,10.71,2.76,-1.34,-24.00,23.00,-16.00
6.21,-4.65,0.17,11.00,131.00,-131.00,10.30,3.82,1.33,-131.00,-6.00,-6.00
-19.27,-39.24,-9.98,6.00,6.00,34.00,10.47,3.85,-0.41,42.00,-5.00,-6.00
-3.76,-6.07,-3.21,-46.00,-34.00,131.00,8.76,2.17,-1.49,0.00,13.00,-6.00
-0.28,3.89,0.89,-10.00,-42.00,120.00,9.72,2.42,-1.04,-7.00,-12.00,7.00
2.23,14.23,10.89,27.00,-38.00,-27.00,9.41,3.95,0.51,-20.00,-4.00,1.00
12.94,-0.42,1.05,-1.00,131.00,-131.00,7.58,4.20,-1.34,69.00,44.00,12.00
17.26,-20.73,-8.38,131.00,26.00,-131.00,20.69,9.95,-6.24,99.00,-22.00,0.00
14.77,-10.23,-4.12,-83.00,-7.00,-131.00,23.13,12.51,1.16,-5.00,-65.00,-131.00
17.46,-12.72,1.11,131.00,-24.00,-131.00,17.29,4.59,4.97,4.00,-93.00,-131.00
10.56,-7.83,-1.23,-30.00,22.00,-20.00,7.81,-5.17,0.98,-12.00,-69.00,-131.00
8.42,-4.75,-1.94,74.00,-14.00,-20.00,-0.19,-9.76,0.42,-76.00,-44.00,-126.00
8.11,-6.26,-0.26,100.00,-24.00,-16.00,-0.76,-15.92,4.56,-131.00,-42.00,121.00
9.39,-4.61,-2.00,61.00,7.00,7.00,0.41,28.41,-0.79,91.00,131.00,131.00
10.66,-1.97,-5.44,40.00,-3.00,-10.00,-7.35,25.47,1.43,-4.00,6.00,-131.00
9.54,-2.96,-3.84,1.00,7.00,1.00,-1.61,-2.57,3.14,41.00,44.00,-131.00
9.43,-3.91,-2.41,9.00,-10.00,2.00,-2.50,-17.66,2.22,-66.00,4.00,-10.00
7.71,-6.37,-1.69,-38.00,16.00,16.00,6.65,-6.40,-0.18,3.00,-7.00,131.00
11.12,-12.10,-3.05,-1.00,12.00,74.00,19.79,-4.69,-1.48,83.00,75.00,131.00
14.98,-23.48,-0.00,84.00,-13.00,131.00,32.94,16.10,-1.43,131.00,1.00,131.00
10.70,-14.88,2.62,32.00,38.00,131.00,18.07,5.60,-9.56,-118.00,71.00,129.00
5.20,-2.67,-0.40,115.00,55.00,131.00,14.58,7.63,-0.53,7.00,85.00,-56.00
0.77,4.99,-0.10,60.00,1.00,89.00,7.11,1.07,-1.95,33.00,-63.00,-1.00
2.83,9.07,4.37,89.00,-60.00,-44.00,9.75,2.65,-1.34,-94.00,32.00,-21.00
8.84,-5.20,2.34,7.00,57.00,-131.00,11.79,1.49,-2.08,5.00,-14.00,-38.00
-14.42,-38.21,2.50,120.00,-60.00,-17.00,11.19,-2.40,-2.66,-18.00,0.00,-42.00
-5.08,-12.51,0.39,-75.00,24.00,131.00,10.90,-1.56,-1.65,1.00,-37.00,19.00
2.03,7.68,3.58,-70.00,-3.00,131.00,9.27,2.32,-0.69,-88.00,8.00,8.00
2.34,10.77,4.18,-8.00,39.00,-66.00,9.44,2.69,-0.59,17.00,-13.00,16.00
11.66,1.14,-0.27,37.00,95.00,-131.00,9.46,3.46,-0.72,-1.00,13.00,4.00
22.98,-14.90,-3.10,73.00,-28.00,-131.00,10.05,5.50,-3.46,98.00,43.00,4.00
24.32,-18.20,0.51,-80.00,22.00,-131.00,21.52,0.29,-8.48,107.00,-56.00,11.00
14.11,-15.63,-4.11,25.00,107.00,-63.00,29.27,7.00,-4.26,-36.00,-131.00,-131.00
9.89,-3.68,-2.24,83.00,-30.00,-19.00,15.71,-2.56,3.79,-64.00,-131.00,-131.00
7.10,-7.15,-0.74,124.00,-44.00,-30.00,2.83,-6.00,2.05,-92.00,-69.00,-131.00
7.44,-6.91,-0.08,97.00,-26.00,15.00,-3.15,-12.75,3.92,-131.00,-32.00,-66.00
10.87,-2.30,-1.81,98.00,-15.00,0.00,2.80,-10.91,4.24,-82.00,-48.00,131.00
9.04,-6.42,-6.28,69.00,32.00,11.00,5.32,29.49,-1.45,59.00,93.00,131.00
10.44,-1.10,-5.20,-2.00,7.00,-7.00,-4.47,34.51,5.35,54.00,46.00,-131.00
9.57,-3.41,-3.16,-8.00,-7.00,0.00,-0.66,-3.02,0.44,27.00,-19.00,-131.00
9.28,-5.18,-1.65,-21.00,-6.00,0.00,-3.14,-9.66,2.58,8.00,-19.00,-47.00
7.88,-7.14,-1.48,-63.00,11.00,15.00,-2.06,-9.30,3.85,-110.00,8.00,113.00
14.25,-16.80,-6.91,45.00,-41.00,126.00,11.37,1.08,2.93,45.00,38.00,131.00
15.59,-24.08,-2.63,77.00,-41.00,131.00,29.67,11.29,-10.28,-5.00,-2.00,131.00
10.32,-3.95,0.08,97.00,-18.00,131.00,16.30,8.87,-2.64,131.00,-72.00,131.00
3.08,3.70,0.07,53.00,24.00,131.00,11.19,4.15,-1.45,-131.00,63.00,54.00
-0.65,7.81,2.73,69.00,-23.00,10.00,11.41,6.58,0.36,-15.00,0.00,60.00
4.75,4.98,8.59,84.00,-50.00,-131.00,10.58,4.34,-1.26,-6.00,28.00,13.00
7.53,-24.36,-6.94,109.00,119.00,-131.00,10.35,2.69,-1.06,-58.00,2.00,-31.00
-12.42,-24.35,-2.53,5.00,42.00,97.00,10.47,1.76,-2.16,-47.00,32.00,-31.00
-2.92,-0.73,-0.55,-9.00,-2.00,129.00,12.50,0.76,-2.66,-13.00,10.00,-26.00
-2.41,5.54,1.51,-11.00,-6.00,47.00,9.03,-0.15,-1.22,-40.00,-22.00,-9.00
4.93,13.63,7.92,19.00,22.00,-131.00,10.18,2.03,-1.08,-2.00,-4.00,12.00
20.18,-7.38,-9.15,-49.00,131.00,-131.00,9.70,3.45,0.05,-22.00,2.00,11.00
20.21,-17.79,-6.14,130.00,-8.00,-131.00,9.87,6.49,0.02,75.00,51.00,14.00
12.25,-3.47,-4.19,119.00,-22.00,-97.00,19.71,-0.27,-5.71,131.00,54.00,51.00
11.41,-8.62,-1.14,71.00,3.00,-27.00,31.85,2.12,-5.84,16.00,-131.00,18.00
9.51,-5.74,-0.69,92.00,-30.00,-39.00,19.58,2.43,9.84,-131.00,-131.00,-131.00
7.55,-6.95,0.60,77.00,-32.00,-31.00,3.77,-8.13,4.33,-131.00,-61.00,-131.00
8.59,-5.30,-0.99,57.00,4.00,21.00,-3.81,-13.12,5.74,-100.00,-11.00,-3.00
10.47,-3.08,-2.13,43.00,8.00,10.00,4.46,-3.68,0.23,-19.00,33.00,131.00
9.69,-3.99,-3.24,14.00,22.00,-3.00,-0.89,39.24,-4.59,83.00,-15.00,42.00
9.58,-4.23,-2.37,11.00,10.00,1.00,-1.08,10.54,-0.38,51.00,-29.00,-131.00
9.49,-3.50,-2.12,-59.00,51.00,3.00,-1.88,-3.91,2.11,22.00,-15.00,-121.00
12.45,-6.44,-7.22,-51.00,20.00,-19.00,-4.08,-13.32,5.79,-90.00,4.00,34.00
18.24,-16.48,-6.63,66.00,-131.00,131.00,6.01,-2.78,3.22,39.00,5.00,131.00
15.38,-17.23,-0.84,30.00,-102.00,131.00,32.62,-0.00,-7.53,52.00,131.00,131.00
7.43,-2.09,0.19,131.00,-37.00,131.00,20.92,7.76,-4.06,23.00,-57.00,131.00
1.75,6.77,0.40,67.00,-10.00,112.00,14.76,8.65,-2.59,24.00,48.00,114.00
0.91,7.93,3.17,86.00,-62.00,-40.00,12.98,4.56,-2.37,65.00,83.00,9.00
1.38,-0.80,3.87,-40.00,107.00,-131.00,9.80,0.90,-3.37,7.00,-15.00,1.00
-25.68,-33.87,1.64,131.00,-12.00,48.00,10.03,2.56,-0.97,-124.00,2.00,-32.00
-3.40,-2.12,-3.50,-4.00,14.00,131.00,10.91,3.40,-1.28,-32.00,8.00,-38.00
-1.51,9.08,2.42,-4.00,-3.00,47.00,8.74,-11.67,-19.50,-105.00,-41.00,29.00
2.24,11.24,5.92,15.00,0.00,-113.00,9.48,-0.73,-2.75,-30.00,-21.00,9.00
9.16,-2.33,-0.50,-84.00,131.00,-131.00,9.84,1.46,-0.88,-32.00,0.00,5.00
24.29,-8.43,-8.17,-66.00,95.00,-131.00,9.52,3.98,0.54,-21.00,11.00,1.00
25.27,-4.96,1.52,131.00,-40.00,-131.00,9.58,4.45,-0.49,40.00,17.00,1.00
13.37,-14.32,0.15,116.00,-20.00,-67.00,20.96,-0.66,-7.14,131.00,91.00,35.00
9.28,-5.01,-0.83,3.00,-28.00,-39.00,34.89,5.61,-3.43,-1.00,-131.00,19.00
7.17,-6.66,0.68,73.00,-28.00,-31.00,19.34,3.37,9.92,-124.00,-131.00,-131.00
7.70,-6.03,0.63,84.00,0.00,14.00,3.92,-4.95,2.68,-131.00,-20.00,-131.00
10.32,-4.77,-2.86,27.00,36.00,14.00,-4.72,-16.58,4.41,-131.00,-30.00,-90.00
11.46,-1.81,-6.31,49.00,38.00,-11.00,3.79,-5.53,2.38,-70.00,-12.00,131.00
10.08,-0.97,-3.32,72.00,12.00,-14.00,-3.96,39.24,1.92,73.00,12.00,131.00
9.59,-3.26,-3.61,-28.00,-5.00,-7.00,-4.78,16.04,-2.08,-4.00,-10.00,-131.00
8.45,-6.00,-2.62,-26.00,-15.00,-1.00,-2.28,-3.51,1.11,40.00,9.00,-98.00
14.91,-17.03,-5.15,-15.00,-31.00,128.00,-4.29,-15.01,1.62,-59.00,-22.00,3.00
17.41,-22.45,-2.90,76.00,-82.00,131.00,2.44,-4.53,1.41,-5.00,-20.00,131.00
12.07,-7.34,-3.08,46.00,-43.00,131.00,15.18,10.14,-2.04,119.00,34.00,131.00
2.77,4.32,-1.21,56.00,3.00,131.00,32.40,14.09,-4.97,-42.00,112.00,131.00
-0.62,6.70,1.30,76.00,-22.00,6.00,16.02,11.02,0.55,103.00,-131.00,131.00
2.51,4.80,5.06,57.00,-42.00,-131.00,11.84,1.85,-4.01,27.00,79.00,-2.00
0.18,-13.33,3.44,29.00,131.00,-131.00,10.19,2.22,-2.68,-50.00,49.00,5.00
-11.46,-24.50,-15.39,27.00,38.00,126.00,10.84,2.51,-2.00,-67.00,20.00,7.00
-2.47,1.36,-2.81,29.00,-51.00,131.00,11.46,2.59,-1.51,-79.00,21.00,-31.00
-0.97,7.36,3.86,10.00,-14.00,28.00,10.72,1.09,-2.23,-46.00,14.00,-41.00
2.14,6.55,-0.21,-32.00,36.00,-131.00,10.95,2.73,-0.04,-131.00,18.00,5.00
12.66,-1.95,-5.64,-112.00,119.00,-131.00,10.29,1.27,-1.89,55.00,6.00,6.00
30.25,-16.22,-6.62,-12.00,-31.00,-131.00,10.53,0.46,-2.10,10.00,-22.00,10.00
17.17,-26.31,5.82,131.00,-90.00,-131.00,9.31,2.87,-0.81,9.00,-14.00,0.00
13.07,-5.96,-2.94,-131.00,28.00,-32.00,12.99,8.51,-2.94,131.00,38.00,26.00
10.15,-6.20,-1.44,58.00,6.00,-94.00,26.65,4.38,-8.72,94.00,-107.00,-14.00
6.58,-8.18,1.09,122.00,-24.00,-7.00,26.48,2.95,-0.72,-131.00,-131.00,-131.00
9.51,-3.65,-1.75,35.00,22.00,27.00,8.94,-6.50,1.93,-95.00,-131.00,-131.00
10.97,-1.13,-4.64,-16.00,72.00,13.00,0.95,-8.45,3.13,-86.00,-60.00,-131.00
11.52,0.53,-5.42,32.00,16.00,0.00,-0.36,-9.30,5.74,-79.00,2.00,69.00
9.84,-1.80,-5.22,9.00,12.00,-8.00,2.06,4.71,2.00,-9.00,7.00,131.00
8.99,-3.74,-4.11,-5.00,-6.00,-3.00,-8.58,39.24,1.50,-31.00,9.00,-38.00
8.62,-5.48,-4.22,-15.00,-11.00,11.00,-0.67,3.35,-1.61,55.00,-22.00,-131.00
18.01,-21.35,-2.97,73.00,-66.00,131.00,-2.21,-7.70,1.69,41.00,-3.00,-93.00
21.97,-22.83,-0.40,60.00,25.00,131.00,-1.12,-9.74,3.52,-13.00,21.00,88.00
16.07,-5.27,-3.03,79.00,3.00,131.00,8.98,-1.38,1.68,81.00,24.00,131.00
2.91,6.99,0.97,76.00,-5.00,131.00,28.92,-0.92,-3.51,104.00,131.00,131.00
1.45,6.07,1.31,57.00,-18.00,-34.00,39.24,2.43,2.05,-131.00,-36.00,131.00
6.95,3.65,8.54,131.00,-100.00,-131.00,23.26,8.61,4.18,131.00,131.00,-76.00
8.98,-39.24,-3.02,131.00,103.00,-131.00,9.17,3.93,-0.45,57.00,-72.00,64.00
-8.88,-21.97,-7.06,-95.00,47.00,131.00,9.91,4.44,-0.29,-131.00,64.00,-11.00
-0.72,0.63,-1.83,-33.00,-25.00,131.00,10.69,3.26,0.17,-85.00,-38.00,-64.00
-0.45,6.64,4.17,-15.00,-8.00,11.00,10.40,-5.26,-0.03,-96.00,3.00,-64.00
2.73,4.49,0.33,-43.00,26.00,-125.00,12.83,-0.27,-0.74,22.00,38.00,2.00
11.58,-1.37,-5.66,-131.00,129.00,-131.00,11.14,-0.64,-1.23,57.00,48.00,29.00
29.54,-13.86,-3.01,0.00,-22.00,-131.00,10.74,-1.51,-2.41,26.00,-1.00,28.00
19.45,-19.49,-0.05,95.00,-21.00,-131.00,11.24,2.39,-0.86,-29.00,-36.00,0.00
11.89,-5.46,-3.44,-75.00,0.00,-24.00,9.71,4.28,-0.24,45.00,-13.00,1.00
7.26,-6.49,-1.63,73.00,-15.00,-66.00,20.19,5.56,-6.99,119.00,-66.00,4.00
6.69,-7.47,0.53,111.00,-33.00,-8.00,34.01,5.51,-4.81,-8.00,-131.00,-105.00
10.55,-4.08,-2.12,94.00,5.00,12.00,21.63,0.96,6.09,-118.00,-131.00,-131.00
10.86,-2.60,-6.82,0.00,67.00,9.00,4.36,-7.32,1.90,-118.00,-80.00,-131.00
10.46,-0.65,-6.51,-38.00,42.00,-5.00,-2.35,-14.66,4.94,-131.00,-65.00,-74.00
9.46,-3.18,-5.72,-20.00,14.00,-1.00,3.58,-8.58,3.75,-80.00,-16.00,131.00
8.58,-3.80,-4.96,-43.00,21.00,3.00,5.71,37.17,-0.82,-79.00,56.00,131.00
11.12,-9.80,-6.99,48.00,-40.00,44.00,-2.02,21.22,-1.57,54.00,37.00,-131.00
20.47,-29.18,-3.74,131.00,-113.00,131.00,-0.38,-3.23,-0.21,18.00,-27.00,-131.00
16.21,-11.44,0.65,108.00,-47.00,131.00,-4.45,-15.12,4.42,-81.00,-21.00,-3.00
5.53,-0.91,-1.46,131.00,53.00,131.00,5.25,-4.28,1.83,7.00,6.00,131.00
-0.26,4.32,-0.74,85.00,-1.00,67.00,18.24,2.93,-1.67,-31.00,74.00,131.00
2.16,6.58,3.96,102.00,-85.00,-67.00,33.61,15.57,-1.16,131.00,-77.00,131.00
3.42,-2.20,4.64,-38.00,78.00,-131.00,18.27,4.40,-1.41,-131.00,16.00,131.00
-17.78,-39.24,0.86,17.00,-28.00,42.00,13.33,9.61,1.63,-10.00,18.00,27.00
-1.82,-3.75,-2.43,-34.00,-26.00,131.00,8.69,2.87,-2.03,26.00,5.00,14.00
0.18,8.08,3.05,-2.00,-12.00,74.00,9.41,3.71,-1.08,-93.00,1.00,-19.00
2.55,10.17,2.78,-5.00,27.00,-103.00,10.58,3.24,-0.57,-77.00,0.00,-35.00
10.42,-5.87,-8.22,-95.00,131.00,-131.00,9.28,0.08,-2.96,-53.00,43.00,-24.00
29.08,-18.36,-8.38,18.00,5.00,-131.00,10.85,1.65,-2.71,-27.00,11.00,13.00
24.53,-20.15,2.06,131.00,-67.00,-131.00,10.46,2.26,-2.80,17.00,14.00,16.00
13.49,-7.72,-2.30,-110.00,24.00,-47.00,9.56,2.35,-1.90,8.00,-12.00,11.00
9.61,-7.69,-2.43,56.00,0.00,-75.00,9.04,4.62,-1.04,20.00,-2.00,20.00
6.78,-7.99,-0.18,105.00,-39.00,-25.00,18.60,5.05,-4.11,131.00,40.00,19.00
7.82,-4.69,0.20,121.00,-19.00,2.00,29.93,11.67,0.26,-19.00,-131.00,-131.00
10.32,-4.94,-3.14,42.00,26.00,-2.00,20.21,6.53,3.32,-112.00,-84.00,-131.00
12.29,-0.36,-7.36,6.00,42.00,-5.00,8.61,-1.92,1.47,-45.00,-28.00,-131.00
9.35,-3.39,-6.84,-24.00,32.00,-11.00,-0.35,-13.73,1.68,-117.00,-47.00,-131.00
9.26,-3.59,-4.08,-25.00,2.00,-1.00,0.82,-13.30,6.72,-114.00,-11.00,128.00
7.80,-6.09,-4.21,-42.00,0.00,13.00,5.99,21.94,-0.93,57.00,117.00,131.00
14.36,-19.37,-6.67,131.00,-93.00,131.00,-6.50,32.00,-2.74,-10.00,58.00,-131.00
17.20,-24.47,2.22,93.00,2.00,131.00,-1.11,-1.76,-0.56,15.00,-28.00,-131.00
10.09,-5.08,-0.27,131.00,26.00,131.00,-3.41,-16.06,4.25,12.00,-30.00,-29.00
2.73,2.13,-0.22,76.00,37.00,131.00,3.71,-11.84,4.71,-113.00,9.00,131.00
0.41,4.17,-0.98,94.00,-12.00,-3.00,18.40,-2.09,-1.48,-32.00,32.00,131.00
2.40,4.15,6.04,83.00,-13.00,-131.00,25.90,14.72,-6.73,40.00,-30.00,131.00
-7.82,-39.24,-4.94,131.00,63.00,-131.00,16.92,7.84,0.08,-128.00,-109.00,103.00
-6.90,-10.22,-4.23,-37.00,-11.00,131.00,10.85,7.18,1.84,-89.00,-3.00,64.00
0.03,6.42,2.96,12.00,-15.00,109.00,10.18,5.10,0.24,21.00,-18.00,28.00
1.13,9.89,2.95,0.00,20.00,-43.00,9.17,3.20,-0.91,-25.00,1.00,9.00
7.94,2.05,-0.83,10.00,66.00,-131.00,9.79,3.16,-0.15,-69.00,6.00,1.00
27.02,-14.29,-14.22,-6.00,48.00,-131.00,9.89,3.61,-1.09,-46.00,26.00,7.00
31.80,-20.38,-2.33,131.00,-86.00,-131.00,10.50,2.60,-1.89,-18.00,36.00,6.00
12.42,-13.95,-0.06,-38.00,32.00,-46.00,9.70,3.04,-2.92,18.00,44.00,15.00
10.67,-5.27,-3.14,18.00,22.00,-50.00,10.40,2.91,-2.62,35.00,0.00,8.00
7.84,-6.48,-0.72,86.00,-22.00,-57.00,9.67,4.41,-2.08,59.00,-7.00,12.00
7.62,-7.81,-0.55,100.00,-17.00,5.00,16.10,2.44,-5.98,131.00,27.00,48.00
9.74,-2.97,-2.35,77.00,4.00,2.00,30.46,8.37,-1.05,23.00,-131.00,-78.00
11.59,-2.83,-5.36,17.00,36.00,7.00,22.30,3.37,5.09,-93.00,-131.00,-131.00
9.48,-1.65,-4.93,-10.00,23.00,0.00,8.35,-4.36,3.00,-83.00,-59.00,-131.00
9.44,-3.44,-3.84,4.00,-7.00,-6.00,-2.67,-14.61,3.22,-131.00,-34.00,-131.00
8.61,-5.54,-3.26,-32.00,0.00,6.00,2.71,-7.69,2.85,-47.00,3.00,131.00
13.41,-12.87,-11.45,34.00,-80.00,112.00,3.22,17.27,-2.63,-55.00,131.00,131.00
15.76,-29.80,-1.71,63.00,-24.00,131.00,-6.22,30.39,-4.34,-85.00,42.00,-131.00
13.45,-11.56,1.99,70.00,11.00,131.00,-1.92,-2.20,-0.48,7.00,-19.00,-131.00
4.67,1.01,-0.49,101.00,37.00,131.00,-3.70,-10.34,1.41,33.00,-14.00,-38.00
0.10,5.02,-0.26,96.00,-17.00,40.00,-2.01,-11.17,2.30,-22.00,-5.00,123.00
4.55,9.01,7.81,124.00,-100.00,-104.00,10.37,-0.64,-2.50,-11.00,49.00,131.00
0.56,-14.11,-0.80,8.00,131.00,-131.00,22.68,8.54,-6.65,-40.00,-40.00,131.00
-13.70,-39.24,-5.64,131.00,23.00,51.00,19.66,5.44,-2.68,45.00,-24.00,131.00
1.41,-4.23,-0.52,-80.00,-18.00,131.00,15.93,8.22,-1.33,-14.00,116.00,42.00
0.87,11.28,6.72,-63.00,7.00,81.00,10.79,2.45,-2.82,27.00,-1.00,26.00
4.11,11.06,3.87,-41.00,43.00,-86.00,9.79,3.70,-1.77,-104.00,13.00,-8.00
15.80,0.04,-5.73,-43.00,131.00,-131.00,10.09,3.53,-0.87,-92.00,-17.00,-23.00
36.14,-31.17,-7.96,36.00,-56.00,-131.00,10.26,3.42,-1.18,-65.00,7.00,-42.00
25.96,-21.30,-1.22,104.00,18.00,-131.00,10.92,-3.11,-2.26,-38.00,-31.00,-36.00
14.40,-5.37,-3.91,-41.00,69.00,22.00,8.25,4.13,-0.53,-63.00,29.00,2.00
8.04,-3.39,-2.10,65.00,-8.00,-67.00,10.44,1.36,-2.60,67.00,23.00,25.00
8.24,-8.33,1.03,131.00,-52.00,-50.00,10.49,3.64,-1.82,13.00,1.00,21.00
8.76,-8.12,-1.29,95.00,14.00,28.00,13.81,7.24,-4.66,109.00,34.00,45.00
10.35,-0.80,-4.24,55.00,33.00,0.00,28.04,0.38,-9.26,31.00,-131.00,21.00
12.60,-0.81,-6.69,5.00,38.00,1.00,26.31,1.92,1.58,-131.00,-131.00,-131.00
9.52,-2.13,-5.61,-20.00,31.00,-12.00,5.43,-3.17,1.86,-123.00,-58.00,-131.00
9.31,-3.65,-3.80,-16.00,-10.00,-9.00,-1.32,-6.72,1.20,-131.00,3.00,-129.00
8.82,-5.76,-3.71,-16.00,-2.00,3.00,-1.36,-14.57,3.64,-131.00,-46.00,14.00
21.25,-20.25,-8.19,131.00,-131.00,131.00,8.05,-2.42,5.71,0.00,35.00,131.00
18.75,-25.47,-2.07,32.00,71.00,131.00,2.93,39.24,6.68,-131.00,-54.00,2.00
13.17,-5.19,-5.01,84.00,28.00,131.00,2.06,8.78,0.07,62.00,11.00,-131.00
4.11,8.26,-0.08,119.00,-37.00,113.00,0.35,-8.69,3.61,62.00,-3.00,-123.00
3.08,8.42,0.28,7.00,-77.00,-63.00,-0.96,-16.06,6.94,-84.00,35.00,100.00
1.85,0.81,8.67,-16.00,4.00,-131.00,11.89,-0.83,3.12,15.00,82.00,131.00
-21.33,-39.24,-1.02,39.00,-21.00,48.00,35.35,14.98,-3.50,-1.00,131.00,131.00
-5.38,-1.74,-1.61,39.00,-9.00,131.00,24.36,9.70,-1.91,-131.00,-131.00,131.00
0.24,11.16,3.46,-7.00,5.00,63.00,10.13,9.53,3.68,-125.00,-69.00,48.00
1.24,8.55,2.66,21.00,9.00,-102.00,9.04,5.15,1.45,15.00,-27.00,50.00
8.91,-3.37,-2.70,-29.00,96.00,-131.00,9.24,3.67,1.16,-46.00,-14.00,48.00
23.42,-21.76,-6.30,-7.00,15.00,-131.00,9.85,5.04,2.32,-100.00,7.00,36.00
27.27,-13.38,2.36,-8.00,-33.00,-131.00,10.66,5.39,0.98,-12.00,45.00,31.00
15.57,-11.45,-2.33,-28.00,42.00,-39.00,12.10,3.48,-1.40,2.00,59.00,17.00
10.65,-5.47,-0.73,86.00,-14.00,-79.00,10.48,3.19,-2.43,-17.00,39.00,-1.00
7.44,-9.13,1.19,107.00,-45.00,-47.00,10.90,3.06,-2.89,1.00,11.00,-12.00
6.90,-7.40,1.18,106.00,-18.00,15.00,10.66,2.53,-2.46,8.00,-26.00,-12.00
10.05,-4.22,-1.11,86.00,15.00,8.00,14.62,5.35,-5.75,81.00,2.00,14.00
12.22,-4.00,-4.71,21.00,49.00,-10.00,29.34,12.55,-7.85,4.00,-131.00,-128.00
10.19,-2.87,-6.19,-56.00,72.00,-14.00,19.73,8.42,1.55,-70.00,-131.00,-131.00
10.01,-3.39,-4.27,-39.00,8.00,0.00,9.99,-4.20,2.88,-42.00,-71.00,-131.00
9.71,-7.39,-6.08,-26.00,-12.00,4.00,1.83,-13.46,3.68,-84.00,-59.00,-131.00
13.43,-20.90,-4.29,99.00,-131.00,131.00,-0.13,-15.33,6.07,-79.00,4.00,110.00
19.38,-22.74,2.56,-19.00,0.00,131.00,7.22,8.33,3.41,-70.00,59.00,131.00
12.09,-6.55,-0.05,122.00,-28.00,131.00,-11.33,39.24,-1.08,-91.00,34.00,-84.00
2.24,1.80,-0.95,94.00,20.00,131.00,-0.67,2.54,-1.31,-9.00,-5.00,-131.00
0.58,5.89,0.69,88.00,-28.00,-9.00,-2.53,-12.61,2.19,31.00,-8.00,-86.00
3.43,4.39,6.43,70.00,-7.00,-131.00,-1.66,-12.74,-0.08,-33.00,11.00,112.00
-1.03,-38.95,-2.56,131.00,58.00,-131.00,14.76,-0.28,2.67,-63.00,40.00,131.00
-10.22,-18.36,-6.88,-65.00,19.00,131.00,28.46,15.88,1.31,-26.00,1.00,131.00
-0.57,1.92,0.31,-33.00,-51.00,124.00,20.87,13.14,2.60,-72.00,-105.00,126.00
-0.44,6.85,4.51,-21.00,31.00,-12.00,12.05,7.12,1.08,-108.00,-80.00,60.00
4.78,5.36,-0.26,-49.00,106.00,-131.00,10.03,6.40,1.33,-50.00,-38.00,40.00
17.30,1.05,-2.53,40.00,131.00,-131.00,8.98,5.05,1.13,-58.00,-30.00,23.00
33.19,-16.13,-1.31,131.00,-43.00,-131.00,8.89,4.43,0.80,-54.00,0.00,8.00
12.71,-21.20,2.28,129.00,-19.00,-107.00,9.45,4.15,-0.31,-44.00,29.00,17.00
9.48,-5.25,-0.91,-10.00,4.00,-27.00,11.40,4.35,-3.03,-2.00,41.00,10.00
7.73,-6.33,-1.08,7.00,-1.00,-49.00,9.22,4.73,-4.17,28.00,28.00,12.00
7.41,-7.78,-0.23,71.00,-13.00,9.00,9.60,3.97,-2.73,32.00,15.00,8.00
9.67,-3.93,-2.75,16.00,14.00,41.00,9.89,6.27,-1.60,81.00,3.00,17.00
12.65,0.90,-4.01,4.00,10.00,50.00,18.94,10.34,-2.45,131.00,-11.00,-32.00
10.10,-1.50,-3.49,12.00,2.00,8.00,29.00,13.04,-2.56,73.00,-93.00,-131.00
9.77,-3.16,-2.62,5.00,-9.00,0.00,18.25,2.01,5.71,-131.00,-131.00,-131.00
9.00,-5.43,-1.83,-17.00,0.00,-8.00,10.22,-5.39,1.44,50.00,-24.00,-131.00
9.54,-14.74,-6.55,23.00,-11.00,84.00,-1.00,-12.55,0.92,-81.00,-23.00,-95.00
16.56,-29.40,-0.64,88.00,-32.00,131.00,1.17,-19.38,2.50,-83.00,-48.00,131.00
15.67,-9.88,-1.00,54.00,3.00,131.00,5.83,18.70,1.42,26.00,39.00,131.00
5.53,3.14,-1.43,90.00,16.00,131.00,-6.25,39.24,-6.09,-12.00,40.00,-131.00
2.66,9.08,-0.37,39.00,-28.00,14.00,0.59,-1.71,1.05,0.00,-30.00,-131.00
8.20,2.95,7.61,22.00,-74.00,-131.00,-2.11,-12.42,1.92,42.00,-13.00,-75.00
7.32,-35.38,-9.92,131.00,131.00,-131.00,-3.02,-11.30,2.92,-38.00,0.00,110.00
-9.70,-23.19,-8.53,-49.00,6.00,131.00,12.50,0.73,4.89,64.00,16.00,131.00
1.73,2.88,0.20,-44.00,-63.00,131.00,27.17,20.59,-11.91,-18.00,-43.00,131.00
3.44,14.10,4.94,-39.00,-41.00,21.00,10.18,14.54,-0.06,51.00,-95.00,115.00
6.81,8.14,1.28,-5.00,48.00,-131.00,9.21,7.23,-0.11,-34.00,7.00,97.00
20.06,-2.74,-8.55,-87.00,131.00,-131.00,10.64,6.13,0.22,18.00,2.00,83.00
35.05,-22.24,-3.55,-13.00,-5.00,-131.00,10.62,5.98,-0.13,-16.00,23.00,21.00
17.26,-16.02,-1.12,89.00,23.00,-95.00,9.91,3.94,-1.31,-20.00,31.00,-14.00
11.25,-6.12,-1.87,32.00,-22.00,-43.00,9.79,3.46,-3.09,-29.00,39.00,-13.00
7.84,-7.38,-0.46,77.00,-20.00,-58.00,10.64,1.54,-2.28,-47.00,-16.00,-15.00
6.36,-7.58,0.67,100.00,-27.00,0.00,9.60,3.85,-1.71,-19.00,4.00,-2.00
8.99,-3.86,-2.39,73.00,8.00,18.00,10.42,2.59,-1.62,-31.00,-17.00,-9.00
15.06,-0.76,-5.46,-6.00,48.00,20.00,9.28,3.15,-0.35,-36.00,-24.00,-10.00
7.49,-2.90,-5.05,36.00,4.00,2.00,13.03,11.72,-1.68,41.00,12.00,-12.00
10.01,-3.59,-2.89,11.00,-16.00,4.00,25.77,27.17,9.04,131.00,30.00,-104.00
7.74,-5.03,-1.60,3.00,-15.00,8.00,25.87,7.36,1.48,72.00,-131.00,-131.00
10.12,-11.09,-5.36,26.00,68.00,55.00,14.08,-7.32,3.55,-85.00,-131.00,-131.00
15.34,-29.85,4.00,131.00,0.00,131.00,4.55,-17.37,5.00,57.00,-102.00,-131.00
15.97,-14.85,1.95,-5.00,84.00,131.00,4.29,-20.49,9.98,-126.00,-11.00,131.00
8.61,1.12,-1.66,55.00,22.00,131.00,14.43,27.75,-3.61,-8.00,131.00,131.00
2.62,8.21,1.42,96.00,-67.00,63.00,-4.66,32.38,0.28,61.00,49.00,-131.00
4.63,9.72,3.60,32.00,-77.00,-104.00,3.28,-7.67,1.44,59.00,-9.00,-131.00
0.39,-5.59,5.20,-91.00,131.00,-131.00,-1.45,-20.60,3.29,-36.00,-5.00,-34.00
-27.56,-30.57,4.49,131.00,10.00,93.00,5.10,-14.17,2.84,-87.00,-53.00,131.00
0.06,1.76,-0.44,-102.00,17.00,131.00,19.07,-3.47,-0.35,47.00,101.00,131.00
4.77,15.91,3.43,-32.00,-15.00,66.00,28.36,24.65,-5.61,131.00,11.00,131.00
5.45,9.36,1.49,-35.00,31.00,-131.00,21.74,5.36,-5.14,-131.00,-51.00,131.00
14.02,-5.15,-8.88,-122.00,131.00,-131.00,10.38,9.01,4.37,-64.00,-40.00,37.00
27.49,-20.01,-10.01,-105.00,72.00,-131.00,8.55,5.41,1.22,-31.00,-7.00,48.00
16.07,-30.94,-1.24,40.00,50.00,-131.00,9.33,4.98,-0.01,4.00,-5.00,22.00
14.66,-3.65,-2.85,-14.00,31.00,-52.00,10.64,3.54,-1.18,-46.00,13.00,-13.00
9.78,-6.87,-1.42,116.00,-9.00,-68.00,10.20,2.33,-2.97,9.00,44.00,-22.00
7.69,-7.36,0.58,131.00,-45.00,-18.00,11.05,0.85,-2.90,7.00,1.00,-12.00
7.80,-6.26,-0.76,87.00,4.00,7.00,8.45,1.83,-2.35,-37.00,9.00,4.00
10.78,-2.92,-2.92,41.00,37.00,15.00,10.33,2.37,-2.13,21.00,0.00,24.00
11.31,-4.22,-4.13,45.00,27.00,-22.00,10.46,5.09,-1.77,-24.00,8.00,2.00
10.34,-2.87,-5.09,-59.00,76.00,-1.00,17.82,10.61,-5.48,131.00,63.00,-6.00
9.98,-2.79,-4.82,8.00,-3.00,-6.00,37.65,14.12,-3.20,47.00,-131.00,-115.00
9.26,-4.73,-4.16,-27.00,-17.00,4.00,20.16,-2.39,6.54,-127.00,-131.00,-131.00
13.48,-8.72,-7.53,131.00,-66.00,24.00,6.60,-5.13,1.91,-93.00,19.00,-131.00
19.57,-20.61,2.29,22.00,-58.00,131.00,-1.97,-21.10,2.22,-131.00,-49.00,-101.00
16.49,-13.95,1.98,21.00,1.00,131.00,9.22,-23.84,7.67,-131.00,-131.00,131.00
5.86,-0.75,0.18,131.00,42.00,131.00,17.17,22.72,6.06,50.00,16.00,131.00
-0.05,3.46,1.52,131.00,16.00,69.00,-6.46,38.83,0.74,32.00,88.00,-89.00
3.12,6.04,9.17,131.00,-88.00,-84.00,1.20,4.55,1.67,42.00,-25.00,-131.00
8.62,-13.03,3.94,120.00,131.00,-131.00,-0.24,-6.00,2.41,17.00,-8.00,-130.00
-8.68,-36.47,-14.82,66.00,7.00,124.00,-4.56,-15.01,7.16,-131.00,1.00,0.00
1.94,-2.97,0.96,27.00,-80.00,131.00,7.87,-3.93,3.01,-48.00,-4.00,131.00
3.26,14.34,5.46,-17.00,-8.00,100.00,29.75,20.14,-3.77,49.00,102.00,131.00
3.91,11.46,2.47,20.00,7.00,-127.00,15.98,23.67,2.73,-56.00,-128.00,116.00
12.27,-6.71,-6.59,-6.00,120.00,-131.00,13.41,7.30,4.41,-131.00,-131.00,95.00
26.69,-18.73,-7.80,40.00,-23.00,-131.00,13.64,8.75,6.41,-63.00,-90.00,53.00
20.07,-25.26,0.54,-5.00,19.00,-131.00,10.34,5.40,3.86,-21.00,-39.00,19.00
15.15,-5.94,-2.44,20.00,11.00,-55.00,8.98,3.48,2.35,-44.00,-19.00,3.00
11.51,-8.12,0.35,131.00,-29.00,-73.00,9.22,2.71,2.01,-60.00,-11.00,15.00
8.29,-7.84,1.49,101.00,-35.00,-23.00,9.59,4.98,1.05,-20.00,8.00,40.00
8.04,-6.11,1.16,86.00,-19.00,-5.00,10.99,4.11,0.39,-32.00,16.00,36.00
9.66,-4.85,-0.42,70.00,19.00,-11.00,9.80,5.74,-1.03,8.00,37.00,35.00
10.27,-4.61,-3.31,1.00,62.00,-10.00,9.92,4.88,-1.56,-16.00,2.00,-3.00
10.40,-3.14,-4.70,10.00,29.00,-13.00,10.11,6.28,-1.15,5.00,0.00,-17.00
9.98,-3.69,-4.57,-34.00,13.00,2.00,14.39,8.65,-2.38,131.00,-17.00,10.00
9.04,-5.29,-3.50,-51.00,-3.00,5.00,27.52,3.55,-9.15,131.00,-86.00,-23.00
10.88,-9.03,-5.03,-62.00,1.00,7.00,26.82,6.92,-0.78,-58.00,-131.00,-131.00
16.95,-19.52,-7.29,131.00,-131.00,131.00,13.41,-5.75,5.33,-72.00,-131.00,-131.00
17.46,-25.07,-1.80,35.00,11.00,131.00,4.04,-9.64,1.72,-119.00,-56.00,-131.00
11.90,-3.89,-0.94,99.00,-3.00,131.00,-2.79,-15.80,2.52,-131.00,-43.00,-20.00
2.22,4.74,-0.35,81.00,-13.00,129.00,6.11,-3.33,7.16,-127.00,-80.00,131.00
0.47,7.33,0.73,88.00,-37.00,-14.00,13.29,39.24,-2.97,-45.00,31.00,131.00
1.01,1.67,3.46,66.00,22.00,-131.00,-1.15,21.93,-1.97,65.00,5.00,-131.00
-14.28,-39.24,-6.28,67.00,-35.00,-78.00,0.03,-3.25,1.20,12.00,-2.00,-131.00
-12.16,-11.18,-1.41,-85.00,-3.00,131.00,-3.80,-18.98,4.89,-104.00,-31.00,-22.00
-0.82,3.79,1.28,-21.00,-9.00,119.00,4.32,-8.19,2.47,-69.00,9.00,131.00
1.84,11.18,4.97,1.00,10.00,-11.00,14.61,15.80,-1.47,13.00,104.00,131.00
5.93,5.68,-0.48,25.00,76.00,-131.00,8.32,20.64,-0.17,-131.00,-14.00,105.00
19.03,-12.34,-6.79,2.00,80.00,-131.00,8.36,8.18,-0.07,50.00,-70.00,131.00
20.95,-23.13,-10.16,-85.00,83.00,-131.00,11.81,7.37,0.84,-82.00,-29.00,128.00
14.85,-12.92,-4.29,47.00,86.00,-111.00,13.96,7.36,1.23,-43.00,-6.00,114.00
12.77,-6.35,-4.02,34.00,12.00,-35.00,11.76,7.69,-0.17,1.00,29.00,18.00
9.64,-7.56,-2.04,131.00,-21.00,-59.00,9.46,2.11,-1.59,-43.00,-2.00,-18.00
7.58,-7.83,-0.09,131.00,-43.00,-22.00,8.84,3.32,-0.52,-80.00,2.00,-14.00
7.82,-6.79,-0.81,109.00,-9.00,12.00,10.85,4.11,-0.62,7.00,22.00,-16.00
9.54,-4.97,-2.89,66.00,23.00,3.00,10.24,1.78,-3.04,64.00,38.00,-8.00
10.99,-3.69,-4.70,26.00,28.00,-6.00,9.98,-0.50,-2.87,-13.00,-25.00,1.00
9.23,-4.17,-5.02,-21.00,35.00,-6.00,9.76,3.27,-1.38,25.00,-4.00,20.00
9.38,-4.60,-3.91,-8.00,-7.00,0.00,11.54,3.70,-3.02,74.00,13.00,15.00
8.51,-7.05,-2.42,-31.00,-8.00,6.00,18.43,6.38,-4.25,131.00,-29.00,-17.00
15.45,-22.74,-2.62,131.00,-97.00,131.00,24.67,8.47,-8.10,-52.00,-131.00,-126.00
18.89,-24.44,4.78,-80.00,68.00,131.00,16.53,3.88,2.49,-97.00,-131.00,-131.00
13.11,-6.73,0.90,36.00,-2.00,131.00,5.24,-5.13,2.32,-97.00,-55.00,-131.00
2.80,4.48,0.64,87.00,-26.00,131.00,-1.07,-17.27,4.60,-130.00,-61.00,-110.00
0.82,7.12,1.64,96.00,-35.00,17.00,2.23,-15.69,4.31,-97.00,5.00,131.00
3.08,8.29,5.52,64.00,-22.00,-131.00,8.12,39.24,-2.12,131.00,75.00,131.00
-4.65,-35.13,2.62,131.00,131.00,-131.00,-3.90,27.17,-1.60,8.00,0.00,-131.00
-9.30,-16.79,-7.72,-119.00,17.00,131.00,-1.44,-2.09,1.43,23.00,-1.00,-131.00
-1.06,3.92,-0.41,-49.00,-28.00,131.00,-2.65,-11.64,1.37,23.00,-6.00,-47.00
1.05,9.90,2.36,18.00,-11.00,-2.00,1.47,-11.60,4.07,-131.00,2.00,131.00
6.76,8.45,1.30,18.00,19.00,-131.00,15.90,-3.61,-0.94,-61.00,2.00,131.00
18.77,-9.58,-8.00,-83.00,121.00,-131.00,23.25,18.25,-4.11,-70.00,-59.00,131.00
35.93,-18.23,-2.02,-109.00,-46.00,-131.00,14.70,3.52,-5.16,131.00,-50.00,131.00
16.47,-14.29,-2.41,16.00,46.00,-72.00,12.71,6.55,1.25,-131.00,-10.00,113.00
13.98,-7.31,-1.74,41.00,-30.00,-97.00,11.28,7.02,0.70,-32.00,-22.00,66.00
8.75,-10.09,1.61,131.00,-26.00,-48.00,9.91,4.74,0.11,-68.00,2.00,13.00
7.06,-6.15,1.25,103.00,-32.00,7.00,9.18,3.87,0.08,-65.00,5.00,0.00
8.27,-5.35,-0.63,83.00,16.00,8.00,9.00,3.09,-0.30,-61.00,27.00,10.00
11.88,-4.59,-2.67,81.00,27.00,-2.00,11.20,4.23,-1.59,-34.00,43.00,23.00
10.74,-4.62,-5.01,13.00,35.00,-29.00,10.69,4.03,-3.15,20.00,51.00,6.00
9.65,-4.92,-5.30,-29.00,46.00,-10.00,10.61,2.28,-3.46,17.00,1.00,-9.00
9.18,-3.35,-3.62,-23.00,-2.00,1.00,9.99,2.70,-2.10,20.00,-25.00,-2.00
9.98,-7.12,-3.25,-16.00,-23.00,13.00,11.92,7.05,-2.65,19.00,-24.00,-6.00
15.51,-20.94,-2.19,38.00,-58.00,131.00,23.91,15.00,-8.03,47.00,-105.00,-131.00
16.04,-23.31,-1.05,40.00,-46.00,131.00,23.35,10.44,-2.95,-43.00,-108.00,-131.00
11.04,-5.63,0.76,113.00,-41.00,131.00,11.60,-3.09,1.52,-64.00,-67.00,-131.00
1.80,4.11,1.69,85.00,-10.00,131.00,2.66,-9.15,2.64,-87.00,-49.00,-131.00
0.71,6.61,2.85,124.00,-59.00,-7.00,3.47,-15.58,6.04,-90.00,0.00,106.00
5.16,4.11,2.45,26.00,-14.00,-131.00,11.60,4.08,0.08,-5.00,2.00,131.00
4.70,-24.22,-0.21,119.00,86.00,-131.00,-7.33,39.24,-7.74,-131.00,4.00,36.00
-16.02,-27.96,6.17,103.00,46.00,88.00,1.94,6.82,-3.20,18.00,-30.00,-131.00
-2.76,-3.27,-2.98,-28.00,28.00,131.00,2.54,-5.45,1.56,34.00,16.00,-131.00
-0.42,6.24,0.63,0.00,-12.00,52.00,0.78,-15.89,1.68,-38.00,36.00,99.00
1.40,6.61,2.00,-56.00,46.00,-99.00,10.97,-2.22,2.45,-32.00,-17.00,131.00
8.67,-1.90,-3.65,-131.00,131.00,-131.00,29.41,15.25,-2.83,39.00,-12.00,131.00
24.64,-13.69,-10.46,-92.00,131.00,-131.00,22.20,8.70,-7.48,131.00,50.00,131.00
27.21,-19.58,2.27,131.00,-85.00,-131.00,13.92,4.01,-5.41,-58.00,76.00,40.00
13.51,-7.91,-2.32,-77.00,16.00,3.00,10.27,4.03,-2.14,-62.00,0.00,21.00
9.19,-4.67,-1.83,42.00,-8.00,-64.00,9.25,3.67,-1.95,-61.00,13.00,19.00
7.91,-7.59,1.25,131.00,-57.00,-49.00,9.89,4.22,-1.23,-76.00,0.00,-5.00
8.21,-6.97,-0.15,131.00,-1.00,15.00,10.67,3.34,-1.39,-54.00,4.00,-31.00
9.87,-3.19,-3.76,24.00,52.00,-9.00,10.76,1.54,-2.78,-29.00,11.00,-31.00
11.28,-2.15,-6.48,-15.00,54.00,-10.00,9.76,-1.10,-2.52,-98.00,-10.00,-17.00
9.72,-2.65,-5.69,-47.00,42.00,-9.00,9.48,3.76,-2.47,32.00,31.00,17.00
9.53,-4.03,-4.19,-25.00,-15.00,-4.00,10.33,0.56,-3.12,58.00,-1.00,34.00
11.18,-9.48,-5.07,-63.00,-6.00,62.00,11.19,5.67,-2.54,16.00,1.00,4.00
15.97,-19.95,-5.36,25.00,-113.00,131.00,16.06,5.79,-5.40,131.00,12.00,-17.00
15.48,-18.73,0.32,35.00,-76.00,131.00,27.38,11.54,-9.27,6.00,-131.00,-86.00
7.58,-2.71,0.20,111.00,-16.00,131.00,20.37,6.07,4.73,-39.00,-131.00,-131.00
0.94,4.22,-0.00,30.00,4.00,97.00,5.61,-4.48,2.55,-111.00,-79.00,-131.00
0.28,4.20,1.10,88.00,-52.00,-30.00,-0.13,-8.01,1.72,-80.00,-26.00,-131.00
1.05,1.38,5.25,-17.00,44.00,-131.00,-2.33,-13.03,3.63,-113.00,-14.00,67.00
-9.70,-39.24,-4.94,-93.00,27.00,-24.00,6.47,1.70,3.07,-12.00,-7.00,131.00
-4.49,-5.43,-3.31,-45.00,-30.00,131.00,-9.38,39.24,-3.29,-97.00,28.00,-56.00
-0.25,7.81,2.05,-37.00,-7.00,102.00,0.68,3.48,-2.30,76.00,-11.00,-131.00
3.10,11.09,2.95,-17.00,1.00,-49.00,-2.67,-5.48,0.77,38.00,-17.00,-92.00
7.64,4.12,0.24,-17.00,78.00,-131.00,-2.59,-13.77,6.13,-9.00,-2.00,79.00
23.17,-15.87,-6.96,90.00,82.00,-131.00,9.26,-4.82,1.40,127.00,72.00,131.00
22.05,-17.27,-4.83,13.00,-23.00,-131.00,21.33,5.89,-8.02,86.00,93.00,131.00
11.72,-13.45,-2.05,-20.00,42.00,-81.00,26.03,3.17,-7.41,-131.00,-6.00,131.00
11.28,-4.47,-3.09,-3.00,6.00,-23.00,14.99,13.76,3.10,-125.00,28.00,85.00
9.02,-6.04,-2.17,89.00,-12.00,-56.00,9.90,2.97,-1.40,92.00,-13.00,-6.00
8.05,-7.76,-0.57,90.00,-22.00,-12.00,8.52,1.04,-1.29,-82.00,-5.00,7.00
8.87,-4.73,-1.83,70.00,-3.00,21.00,9.78,3.87,1.41,-129.00,-9.00,7.00
10.19,-2.87,-2.34,54.00,9.00,10.00,10.44,4.44,0.06,-25.00,25.00,-5.00
9.94,-3.75,-3.76,23.00,25.00,-10.00,11.28,1.61,-2.11,20.00,36.00,-14.00
10.20,-2.65,-3.98,-18.00,19.00,-2.00,9.75,2.45,-2.80,28.00,41.00,3.00
9.35,-4.41,-3.60,7.00,-3.00,-4.00,10.50,0.94,-3.23,28.00,4.00,4.00
9.50,-7.22,-5.16,-20.00,7.00,7.00,9.98,2.23,-2.29,2.00,-14.00,11.00
12.65,-15.35,-5.64,53.00,-85.00,105.00,11.03,5.97,-1.98,41.00,-15.00,16.00
16.38,-24.00,-2.44,67.00,-53.00,131.00,19.18,5.45,-5.10,131.00,-19.00,-7.00
14.06,-7.74,-0.14,125.00,-36.00,131.00,27.38,9.77,-3.43,-28.00,-131.00,-131.00
4.74,5.04,0.03,74.00,9.00,131.00,15.94,0.37,5.22,-46.00,-131.00,-131.00
1.18,7.23,1.20,76.00,-34.00,-3.00,4.15,-5.18,1.85,-80.00,-20.00,-131.00
3.42,3.51,6.21,35.00,-94.00,-131.00,-5.74,-16.63,5.95,-131.00,-36.00,-69.00
1.79,-37.00,1.66,131.00,123.00,-131.00,4.66,-7.13,3.22,-62.00,-17.00,131.00
-8.61,-17.64,-7.04,-63.00,47.00,131.00,14.72,31.77,0.48,-105.00,37.00,131.00
0.14,2.77,-0.45,-59.00,-51.00,131.00,-2.87,23.60,-0.99,81.00,65.00,-131.00
0.22,9.48,4.12,0.00,-1.00,-13.00,-0.60,-1.02,-1.60,30.00,-26.00,-131.00
11.30,9.46,2.51,-40.00,131.00,-131.00,-3.48,-7.74,1.99,20.00,-15.00,-66.00
36.02,-18.02,-5.84,75.00,131.00,-131.00,-3.56,-11.31,3.99,-42.00,-2.00,110.00
25.21,-16.34,-6.59,30.00,29.00,-131.00,7.58,-2.52,1.37,73.00,46.00,131.00
13.81,-11.33,-0.79,131.00,-10.00,-64.00,24.51,16.27,-3.78,20.00,-32.00,131.00
10.88,-6.13,-0.94,16.00,-20.00,-78.00,16.41,9.96,-4.14,50.00,-51.00,131.00
8.57,-8.65,0.90,83.00,-25.00,-60.00,15.18,5.61,-5.28,-62.00,7.00,115.00
7.45,-6.68,0.57,85.00,-18.00,0.00,13.21,6.50,-0.51,-42.00,43.00,80.00
8.66,-5.09,-0.52,92.00,9.00,0.00,10.75,4.33,-1.63,-13.00,15.00,29.00
10.48,-4.57,-3.01,56.00,38.00,-13.00,10.25,3.53,-0.65,-100.00,2.00,-9.00
11.43,-3.71,-5.10,4.00,59.00,-5.00,9.68,3.46,-0.37,-74.00,12.00,-24.00
10.03,-3.64,-5.75,-41.00,36.00,-9.00,11.24,2.17,-1.67,-14.00,21.00,-22.00
10.00,-2.85,-3.37,-27.00,-21.00,2.00,10.22,2.33,-2.63,1.00,37.00,-14.00
9.35,-5.17,-2.05,-46.00,-30.00,-6.00,10.85,0.53,-3.19,32.00,2.00,-7.00
10.89,-14.32,-5.11,19.00,-27.00,36.00,9.50,1.17,-1.75,-5.00,-25.00,9.00
20.65,-26.02,-1.62,25.00,-44.00,131.00,10.58,6.86,-0.57,-7.00,5.00,21.00
17.73,-14.23,-1.45,24.00,-42.00,131.00,19.35,7.80,-4.13,131.00,-8.00,-38.00
6.75,0.80,-0.80,99.00,-23.00,131.00,27.66,10.38,-3.58,-15.00,-131.00,-131.00
0.93,5.91,0.51,100.00,-6.00,56.00,12.90,0.58,3.19,-131.00,-131.00,-131.00
0.48,7.10,2.09,99.00,-47.00,-100.00,5.91,-7.46,1.85,-36.00,-26.00,-131.00
1.82,-5.60,-0.50,-106.00,120.00,-131.00,-4.64,-16.58,7.19,-131.00,-11.00,-40.00
-18.72,-31.28,-0.69,-81.00,13.00,59.00,5.47,-6.62,4.39,-87.00,-8.00,131.00
-2.85,-4.53,-4.34,-30.00,-25.00,131.00,8.42,19.41,0.77,-96.00,131.00,131.00
0.09,10.46,5.63,-4.00,-33.00,56.00,-1.31,28.43,-8.80,-44.00,69.00,-131.00
3.69,9.81,3.25,-31.00,50.00,-115.00,1.18,-0.92,-1.03,30.00,-60.00,-131.00
11.27,-4.96,-6.12,-66.00,131.00,-131.00,-2.42,-13.53,2.16,65.00,-27.00,-83.00
25.83,-18.32,-6.65,-76.00,32.00,-131.00,-1.54,-10.41,1.71,-34.00,-2.00,123.00
18.97,-11.64,-1.41,57.00,-36.00,-131.00,7.00,-1.36,1.34,71.00,9.00,131.00
13.82,-9.97,-2.00,61.00,-9.00,-68.00,23.81,17.19,-8.59,100.00,-15.00,131.00
9.82,-8.28,0.38,66.00,9.00,-68.00,18.24,2.87,-8.64,-73.00,15.00,131.00
7.56,-7.78,-0.24,7.00,20.00,-6.00,12.15,8.57,-2.56,7.00,13.00,92.00
9.09,-5.41,-0.79,87.00,-4.00,23.00,10.19,2.99,-3.42,-20.00,51.00,52.00
10.46,-6.26,-4.46,14.00,33.00,37.00,10.55,3.61,-1.50,-104.00,13.00,28.00
10.26,-0.45,-2.07,127.00,-15.00,5.00,10.43,4.36,0.17,-121.00,14.00,-10.00
10.31,-2.43,-3.25,-29.00,21.00,-8.00,10.83,3.46,-0.52,-33.00,33.00,-20.00
9.83,-4.97,-2.29,-1.00,-3.00,1.00,11.29,0.61,-3.50,10.00,61.00,-19.00
8.22,-4.02,-3.58,-85.00,25.00,5.00,9.99,1.60,-2.57,-18.00,18.00,-5.00
15.21,-7.93,-11.52,19.00,-101.00,-31.00,10.74,-0.25,-3.72,42.00,3.00,5.00
18.27,-24.09,-8.47,45.00,-88.00,131.00,10.25,1.48,-1.77,-27.00,-27.00,13.00
16.47,-16.87,0.12,83.00,-66.00,131.00,10.90,5.15,-1.32,49.00,-1.00,15.00
8.12,-3.86,-2.16,131.00,3.00,131.00,16.85,4.57,-4.75,131.00,-1.00,1.00
1.70,6.31,-1.51,77.00,-33.00,98.00,29.62,5.97,-7.03,-19.00,-131.00,-131.00
3.61,7.48,4.17,78.00,-98.00,-98.00,19.98,-0.47,4.77,-105.00,-131.00,-131.00
1.72,-5.60,-0.60,-34.00,131.00,-131.00,8.39,-8.67,1.55,-99.00,-34.00,-131.00
-23.14,-30.56,5.34,69.00,40.00,53.00,-0.27,-15.61,2.54,-131.00,-57.00,-8.00
-3.07,-2.48,-3.72,-1.00,10.00,131.00,10.67,-4.69,8.93,-19.00,-39.00,131.00
-0.37,8.99,2.44,-34.00,-8.00,50.00,14.54,39.24,13.12,-112.00,-23.00,131.00
4.97,12.58,2.42,-22.00,19.00,-120.00,-0.42,25.83,7.78,131.00,68.00,-125.00
21.78,-5.86,-5.35,-24.00,127.00,-131.00,3.24,1.09,2.26,64.00,4.00,-131.00
36.32,-20.36,-7.95,-74.00,23.00,-131.00,-2.22,-19.20,4.17,-21.00,-13.00,-98.00
15.26,-13.52,-3.68,23.00,84.00,-44.00,1.06,-8.95,2.69,25.00,21.00,131.00
13.02,-4.68,-2.05,25.00,-32.00,-77.00,13.30,-2.51,-4.68,79.00,131.00,131.00
8.68,-9.54,1.57,131.00,-31.00,-70.00,20.20,14.39,-6.35,110.00,-44.00,131.00
7.65,-6.65,1.58,88.00,-26.00,4.00,16.57,9.66,-1.33,-53.00,-66.00,112.00
9.66,-3.97,-1.29,69.00,26.00,4.00,10.47,7.86,2.00,-131.00,11.00,50.00
10.72,-3.81,-4.00,65.00,55.00,-3.00,9.00,5.49,0.24,22.00,0.00,46.00
11.53,-1.95,-5.87,-17.00,43.00,-10.00,9.87,2.98,-1.33,-25.00,18.00,24.00
10.21,-1.98,-5.40,-32.00,28.00,-4.00,10.70,4.10,-0.40,-79.00,12.00,-4.00
9.16,-4.43,-3.51,-4.00,-22.00,4.00,10.32,2.73,-2.20,-21.00,32.00,-20.00
10.38,-8.59,-6.06,0.00,-20.00,31.00,11.71,1.37,-2.49,-16.00,-7.00,-18.00
17.48,-25.55,0.45,95.00,-65.00,131.00,9.57,2.70,-1.75,-3.00,12.00,-5.00
18.24,-20.63,0.17,17.00,-22.00,131.00,10.46,1.06,-1.94,27.00,-21.00,2.00
9.27,-1.98,-0.66,78.00,-36.00,131.00,9.96,3.12,-0.73,-10.00,-15.00,4.00
1.25,5.56,1.74,59.00,-19.00,85.00,12.22,10.13,-2.54,61.00,25.00,-9.00
0.61,4.54,1.96,69.00,-37.00,-51.00,29.75,13.82,-6.57,121.00,-88.00,-84.00
4.61,0.96,6.15,3.00,-13.00,-131.00,19.75,5.19,1.92,-107.00,-131.00,-131.00
11.10,-29.77,-5.75,91.00,131.00,-131.00,9.33,-3.10,4.05,-61.00,-35.00,-131.00
-8.83,-38.56,-2.60,10.00,94.00,86.00,1.19,-8.74,1.14,-62.00,0.00,-131.00
4.28,-8.91,-3.18,-53.00,-15.00,131.00,-3.21,-21.77,4.14,-131.00,-11.00,37.00
4.19,6.29,3.78,1.00,-66.00,131.00,9.60,-3.95,5.82,-118.00,-16.00,131.00
3.19,10.05,4.59,-16.00,8.00,-22.00,-4.13,39.24,-8.99,-74.00,37.00,-1.00
8.95,3.90,-0.03,-6.00,112.00,-131.00,0.14,6.29,-2.01,48.00,-18.00,-131.00
25.20,-29.29,-10.92,56.00,48.00,-131.00,-2.26,-4.02,1.60,46.00,17.00,-101.00
32.73,-18.44,-0.35,128.00,-92.00,-131.00,-2.69,-11.31,0.68,-122.00,17.00,16.00
10.94,-10.68,-1.66,46.00,-7.00,-27.00,5.32,-0.88,2.24,71.00,-80.00,131.00
10.21,-6.09,-1.53,-78.00,-17.00,-47.00,22.60,13.06,-1.75,28.00,39.00,131.00
8.20,-6.29,0.18,72.00,-43.00,-40.00,17.31,21.86,-4.02,53.00,-66.00,131.00
7.74,-6.15,0.22,118.00,-36.00,13.00,9.04,5.40,-4.40,80.00,18.00,86.00
8.36,-3.41,-2.83,71.00,12.00,-8.00,9.13,3.48,-2.82,-70.00,22.00,47.00
10.57,-3.88,-5.45,71.00,13.00,-36.00,10.51,3.50,-0.94,-81.00,1.00,42.00
9.18,-5.60,-6.16,-15.00,49.00,-40.00,9.62,5.36,0.31,-80.00,23.00,12.00
9.33,-5.10,-5.22,-51.00,9.00,-9.00,11.65,4.24,0.84,-30.00,29.00,6.00
8.40,-4.39,-4.18,-27.00,2.00,-5.00,10.91,3.17,-1.59,-26.00,55.00,2.00
11.05,-12.79,-6.81,-1.00,-16.00,63.00,10.65,1.62,-1.32,-80.00,9.00,-8.00
18.57,-21.62,-5.90,20.00,-70.00,131.00,10.32,3.14,-2.90,19.00,25.00,6.00
11.67,-17.41,-2.32,103.00,-24.00,131.00,9.91,0.53,-1.89,2.00,-41.00,4.00
7.72,-2.68,-1.19,2.00,33.00,131.00,9.59,2.09,-1.01,50.00,-27.00,3.00
0.64,6.90,0.23,57.00,-29.00,85.00,14.58,0.58,-4.21,131.00,10.00,49.00
0.01,7.83,2.75,48.00,-59.00,-51.00,32.38,1.39,-10.86,42.00,-131.00,-2.00
0.48,0.56,5.87,-32.00,20.00,-131.00,22.76,2.85,0.27,-131.00,-131.00,-131.00
-16.74,-39.24,5.02,50.00,-44.00,-1.00,8.26,-5.62,3.09,-131.00,-131.00,-131.00
-7.63,-4.05,-0.74,16.00,38.00,126.00,1.35,-11.72,1.18,-131.00,-37.00,-131.00
-2.86,4.10,0.47,-1.00,5.00,70.00,1.40,-23.60,7.87,-131.00,-68.00,97.00
-2.29,6.14,2.13,0.00,-30.00,-14.00,7.47,8.49,4.96,82.00,112.00,131.00
0.58,1.74,1.44,-21.00,26.00,-131.00,-8.97,39.24,-2.53,-96.00,37.00,-115.00
10.67,-5.66,-10.26,-57.00,131.00,-131.00,0.05,1.83,1.20,-17.00,-18.00,-131.00
11.01,-7.61,-21.38,-38.00,-46.00,-131.00,-0.72,-7.83,3.35,96.00,2.00,-91.00
3.17,-8.62,-10.87,-90.00,-127.00,-131.00,-2.91,-14.97,5.49,-97.00,16.00,64.00
1.32,-8.92,-7.59,-80.00,-64.00,-109.00,6.69,-2.93,4.50,-23.00,-3.00,131.00
5.08,-3.76,-10.19,-46.00,42.00,-24.00,19.83,2.98,-2.21,80.00,131.00,131.00
3.68,-0.06,-11.69,-3.00,25.00,-15.00,26.06,10.84,-8.82,39.00,39.00,131.00
0.67,1.09,-11.71,0.00,4.00,10.00,11.84,7.79,0.28,-131.00,-30.00,-44.00
1.65,1.26,-10.89,4.00,-18.00,0.00,7.24,7.27,5.00,7.00,-96.00,-9.00
