9.30,-2.94,-4.16,-5.00,11.00,0.00,8.34,1.51,-1.65,-12.00,-5.00,0.00
8.83,-3.50,-4.23,-5.00,4.00,1.00,9.17,0.45,-2.95,40.00,3.00,12.00
8.48,-3.18,-4.58,-7.00,0.00,-3.00,9.95,1.03,-2.68,-23.00,-12.00,5.00
8.55,-3.61,-4.71,0.00,-7.00,-6.00,9.28,1.24,-1.93,-16.00,-12.00,-6.00
9.73,-2.90,-5.10,13.00,-11.00,-3.00,8.89,0.69,-2.03,-4.00,0.00,-2.00
9.25,-2.87,-4.91,22.00,-13.00,-8.00,9.59,0.94,-2.52,-2.00,7.00,0.00
8.54,-2.50,-5.77,-5.00,-13.00,-7.00,9.61,-0.59,-4.54,-28.00,10.00,-1.00
8.96,-2.14,-4.73,3.00,-21.00,-9.00,9.28,1.77,-2.22,0.00,-2.00,-3.00
7.87,-2.57,-4.49,-9.00,3.00,-13.00,10.10,0.34,-2.65,1.00,-2.00,-1.00
8.27,-2.65,-4.50,11.00,1.00,-12.00,9.94,1.78,-2.18,-17.00,-3.00,-1.00
9.21,-3.54,-4.71,17.00,11.00,-7.00,10.02,0.88,-2.24,-4.00,-1.00,0.00
8.07,-3.14,-5.18,16.00,23.00,0.00,9.84,1.43,-2.33,4.00,6.00,2.00
8.63,-2.83,-5.58,2.00,16.00,7.00,9.87,0.97,-2.25,-23.00,-2.00,1.00
8.94,-2.97,-5.17,2.00,2.00,7.00,9.62,1.43,-2.05,-13.00,2.00,3.00
9.18,-3.00,-4.92,-17.00,3.00,7.00,10.07,1.33,-2.21,1.00,-2.00,0.00
9.37,-3.08,-4.50,-14.00,-4.00,4.00,9.68,0.96,-2.11,-1.00,0.00,1.00
8.94,-3.43,-3.97,-21.00,-2.00,6.00,9.86,1.25,-2.26,-3.00,0.00,2.00
9.00,-2.98,-4.05,-32.00,5.00,8.00,9.67,1.25,-2.27,-3.00,0.00,1.00
8.79,-3.43,-4.15,-10.00,-3.00,7.00,9.91,1.19,-2.12,0.00,-1.00,0.00
8.85,-3.47,-3.79,-21.00,0.00,17.00,9.83,0.80,-2.31,-3.00,-2.00,0.00
8.66,-2.53,-3.84,-27.00,7.00,20.00,9.92,1.09,-1.96,1.00,-1.00,0.00
9.68,-1.81,-4.23,39.00,10.00,-5.00,9.70,0.93,-2.32,-2.00,0.00,0.00
9.01,-3.25,-5.76,20.00,-7.00,-6.00,9.89,1.13,-2.34,0.00,-2.00,-1.00
8.66,-3.36,-3.71,-27.00,-6.00,-2.00,9.71,0.93,-2.28,1.00,-1.00,-1.00
8.60,-3.50,-5.29,-12.00,10.00,-7.00,9.81,0.93,-2.24,0.00,-1.00,-1.00
8.91,-3.28,-4.23,-2.00,7.00,-5.00,9.72,0.86,-2.37,-1.00,0.00,-1.00
8.98,-3.16,-4.39,0.00,7.00,2.00,9.81,0.96,-2.42,0.00,0.00,0.00
9.10,-2.76,-4.77,8.00,0.00,2.00,9.75,0.88,-2.34,0.00,-1.00,-1.00
8.91,-2.86,-4.42,-10.00,3.00,1.00,9.77,0.97,-2.34,-1.00,-1.00,-2.00
9.19,-2.75,-4.26,-14.00,-1.00,2.00,9.75,0.82,-2.24,0.00,-1.00,-2.00
9.03,-2.84,-4.04,-4.00,-4.00,4.00,9.80,0.88,-2.36,-3.00,0.00,0.00
9.05,-3.07,-4.35,-3.00,-2.00,3.00,9.76,1.11,-2.29,-3.00,-1.00,0.00
9.00,-3.15,-4.56,-8.00,-1.00,2.00,9.81,1.04,-2.30,-2.00,-1.00,0.00
9.01,-2.67,-4.21,1.00,0.00,1.00,9.88,1.06,-2.35,-4.00,-1.00,0.00
9.06,-2.80,-4.25,13.00,0.00,-2.00,9.85,0.88,-2.37,-5.00,-1.00,0.00
8.88,-3.11,-4.05,7.00,1.00,-3.00,9.84,1.15,-2.51,-2.00,0.00,0.00
8.85,-5.36,-5.69,-53.00,-1.00,7.00,9.78,1.00,-2.23,-1.00,-1.00,-1.00
8.90,-3.06,-3.74,-3.00,13.00,2.00,9.82,0.98,-2.54,-3.00,0.00,0.00
9.27,-3.18,-3.87,-5.00,5.00,0.00,9.75,1.10,-2.36,-3.00,0.00,0.00
9.07,-3.37,-3.78,-4.00,4.00,1.00,9.64,1.05,-2.47,0.00,0.00,0.00
9.07,-2.70,-3.81,2.00,-8.00,-1.00,9.74,1.04,-2.42,0.00,0.00,0.00
9.00,-3.15,-4.14,-2.00,0.00,1.00,9.79,1.07,-2.37,-1.00,0.00,0.00
9.19,-2.83,-4.09,-9.00,-2.00,0.00,9.67,1.06,-2.60,-1.00,0.00,0.00
9.05,-2.84,-3.93,-8.00,-1.00,0.00,9.76,1.06,-2.41,2.00,0.00,-1.00
9.01,-2.88,-3.94,-4.00,0.00,0.00,9.76,0.97,-2.37,0.00,-1.00,-1.00
9.05,-2.89,-3.96,0.00,0.00,0.00,9.81,0.80,-2.51,-1.00,0.00,-1.00
9.01,-2.86,-4.00,1.00,0.00,0.00,9.66,1.03,-2.42,0.00,0.00,-1.00
9.17,-3.02,-4.25,-2.00,2.00,0.00,9.62,1.24,-2.38,0.00,0.00,-2.00
9.12,-3.04,-4.08,-4.00,-1.00,0.00,9.76,1.27,-2.48,4.00,0.00,-2.00
9.16,-2.98,-4.12,-1.00,0.00,0.00,9.81,1.28,-2.54,4.00,-4.00,-3.00
9.04,-2.88,-4.12,-1.00,1.00,1.00,9.73,1.14,-2.85,4.00,-6.00,-3.00
9.05,-2.80,-4.14,1.00,0.00,0.00,9.69,0.98,-2.73,6.00,1.00,-4.00
8.99,-2.99,-4.14,-3.00,1.00,-1.00,9.70,1.09,-2.79,12.00,2.00,-2.00
9.07,-2.93,-4.13,0.00,0.00,0.00,9.79,1.04,-2.73,12.00,-2.00,-3.00
9.01,-2.97,-4.31,-2.00,0.00,0.00,9.71,0.64,-2.62,3.00,-1.00,-3.00
9.10,-2.82,-4.24,-5.00,0.00,1.00,9.72,0.65,-2.86,-3.00,-2.00,0.00
8.99,-2.79,-4.27,-4.00,-1.00,0.00,9.64,0.90,-2.97,-11.00,-1.00,1.00
9.13,-2.77,-4.31,1.00,-2.00,0.00,10.41,1.45,-3.66,9.00,-23.00,-13.00
9.05,-2.65,-4.14,1.00,-3.00,0.00,10.53,5.43,-3.62,131.00,-107.00,-66.00
8.87,-2.81,-4.22,8.00,-1.00,-2.00,4.12,1.40,-10.75,58.00,-131.00,-56.00
8.99,-3.00,-4.23,5.00,-1.00,-4.00,-1.89,0.27,-10.12,19.00,-94.00,-43.00
9.00,-3.18,-4.25,14.00,-2.00,-3.00,-2.70,1.31,-11.25,22.00,-65.00,-43.00
8.96,-2.98,-4.20,11.00,-2.00,-2.00,-3.63,-2.07,-13.76,39.00,-98.00,-55.00
8.82,-3.18,-4.23,0.00,0.00,-2.00,-2.65,-7.61,-9.60,63.00,-116.00,2.00
9.00,-3.08,-4.33,-3.00,2.00,-1.00,-0.44,-6.64,-6.89,42.00,-89.00,65.00
8.88,-3.09,-4.56,-6.00,0.00,1.00,-2.26,-2.68,-1.72,53.00,-61.00,53.00
9.30,-3.42,-4.82,-13.00,-4.00,6.00,-3.63,1.45,1.41,59.00,-6.00,30.00
10.81,-5.81,-8.06,-88.00,-62.00,46.00,-4.24,3.23,0.76,41.00,33.00,2.00
7.86,-4.96,-10.34,-81.00,-73.00,65.00,-6.73,6.11,-1.80,9.00,87.00,-22.00
2.25,-0.26,-11.69,-131.00,-129.00,86.00,-10.40,6.73,-6.22,-53.00,116.00,-32.00
-2.42,0.86,-13.00,-49.00,-112.00,45.00,-10.83,0.97,-13.01,-69.00,50.00,-118.00
-2.04,4.07,-9.09,-46.00,-98.00,46.00,-11.63,-9.82,-15.02,-24.00,-71.00,-93.00
-2.01,10.90,-8.50,-85.00,-38.00,1.00,-6.16,-9.05,-10.62,29.00,-95.00,-16.00
-0.21,7.93,-6.06,-44.00,-55.00,-82.00,-2.75,-7.06,-6.27,62.00,-74.00,34.00
-1.15,3.03,-2.08,-18.00,-35.00,-81.00,-1.69,-3.12,-2.54,66.00,-58.00,40.00
-3.17,-1.24,-0.72,-74.00,11.00,-44.00,-2.72,0.53,0.83,76.00,-19.00,30.00
-4.45,-2.14,0.62,-48.00,40.00,-19.00,-3.94,4.16,2.08,59.00,18.00,1.00
-5.12,-4.71,-2.09,4.00,75.00,-3.00,-5.45,7.13,-0.07,20.00,72.00,-22.00
-14.43,-3.90,-8.64,56.00,103.00,60.00,-8.01,7.18,-3.03,-46.00,107.00,-11.00
-14.41,2.98,-15.40,99.00,22.00,76.00,-13.18,5.76,-8.95,-118.00,108.00,-33.00
-5.86,13.12,-14.43,0.00,-50.00,131.00,-13.44,-1.25,-14.79,-56.00,10.00,-115.00
-4.72,11.21,-7.95,-44.00,-55.00,22.00,-8.46,-8.28,-13.80,17.00,-86.00,-59.00
-2.08,7.80,-5.78,-106.00,-55.00,-28.00,-3.94,-6.67,-7.70,53.00,-73.00,11.00
-0.81,2.31,-3.44,-88.00,-20.00,-59.00,-2.48,-3.34,-3.52,55.00,-76.00,25.00
-2.11,-0.80,-0.38,-68.00,-5.00,-45.00,-3.21,-0.60,-0.15,64.00,-44.00,31.00
-4.36,-2.87,1.81,-48.00,13.00,-13.00,-3.61,2.88,2.30,63.00,-5.00,17.00
-7.44,-6.45,-0.66,17.00,87.00,-13.00,-3.95,5.60,1.87,40.00,56.00,-7.00
-12.02,-7.00,-4.56,78.00,103.00,-4.00,-5.84,7.09,-2.79,-9.00,131.00,-18.00
-17.21,-8.72,-11.23,131.00,83.00,43.00,-8.10,6.49,-10.36,-58.00,131.00,-48.00
-12.71,6.84,-13.42,72.00,-11.00,131.00,-10.63,4.47,-21.35,-83.00,65.00,-97.00
-6.17,11.03,-9.70,-72.00,-17.00,77.00,-8.57,-6.49,-16.44,-9.00,-87.00,-101.00
-0.98,6.51,-8.49,-95.00,-38.00,-17.00,-4.06,-7.59,-11.27,49.00,-111.00,-28.00
-1.65,3.10,-2.22,-81.00,-35.00,-46.00,-1.65,-4.68,-5.81,54.00,-74.00,40.00
-2.52,0.86,-0.04,-77.00,-8.00,-46.00,-2.23,-2.57,-2.40,58.00,-59.00,48.00
-3.76,-2.33,1.22,-54.00,17.00,-45.00,-3.82,0.88,0.56,77.00,-33.00,40.00
-4.35,-8.26,-0.70,-27.00,131.00,-61.00,-3.79,6.62,2.51,73.00,-5.00,17.00
-4.44,-14.04,-10.31,33.00,131.00,10.00,-4.20,7.58,1.44,42.00,52.00,-30.00
-15.63,-9.46,-18.52,87.00,67.00,111.00,-6.33,7.78,-3.60,-22.00,131.00,-36.00
-7.68,0.97,-22.44,1.00,23.00,131.00,-14.80,7.10,-7.96,-119.00,116.00,-59.00
-3.57,6.35,-10.84,-87.00,-79.00,99.00,-15.04,-1.36,-15.88,-50.00,0.00,-126.00
-2.86,7.58,-7.16,-129.00,-49.00,18.00,-8.00,-9.29,-14.86,19.00,-98.00,-57.00
-0.69,4.11,-4.57,-73.00,-22.00,-48.00,-2.18,-7.46,-6.74,57.00,-73.00,21.00
-2.10,2.32,-1.21,-77.00,-11.00,-58.00,-2.99,-3.36,-3.37,56.00,-74.00,38.00
-3.70,-1.07,0.69,-60.00,22.00,-61.00,-3.31,0.10,-0.57,60.00,-50.00,36.00
-3.13,-6.37,0.41,-40.00,51.00,-13.00,-3.03,3.66,1.76,56.00,-19.00,14.00
-6.41,-11.35,-6.73,43.00,101.00,33.00,-3.60,7.24,2.45,42.00,35.00,-23.00
-15.01,-7.29,-12.54,117.00,99.00,52.00,-7.27,7.73,-1.68,-17.00,124.00,-19.00
-18.64,2.63,-15.23,108.00,-26.00,84.00,-12.43,7.14,-5.78,-70.00,128.00,-13.00
-5.98,10.08,-9.94,-51.00,-33.00,99.00,-14.77,2.83,-12.51,-122.00,60.00,-44.00
-3.45,8.09,-8.55,-66.00,-32.00,3.00,-13.33,-0.88,-17.96,-43.00,-52.00,-68.00
-3.48,2.52,-5.09,-65.00,-50.00,-36.00,-5.05,-4.43,-11.18,28.00,-81.00,-44.00
-1.45,0.70,-0.94,-82.00,-28.00,-39.00,-2.98,-2.26,-4.58,71.00,-87.00,-22.00
-2.96,-1.79,1.20,-66.00,-15.00,-34.00,-2.84,-0.53,-0.76,83.00,-52.00,6.00
-5.19,-5.99,-1.18,-33.00,79.00,-17.00,-3.01,2.57,1.75,66.00,-13.00,15.00
-6.45,-7.84,-2.77,27.00,131.00,26.00,-3.22,6.08,2.78,44.00,41.00,-23.00
-13.38,-9.88,-17.40,100.00,118.00,67.00,-7.76,5.74,-2.28,-2.00,110.00,-33.00
-8.11,0.88,-17.26,36.00,3.00,131.00,-11.97,6.43,-6.04,-79.00,131.00,-25.00
-5.57,10.08,-11.64,-42.00,-40.00,95.00,-14.74,4.05,-17.29,-52.00,114.00,-91.00
-1.90,8.83,-10.56,-96.00,-82.00,-13.00,-10.02,-6.94,-18.78,-32.00,-97.00,-102.00
-0.97,2.40,-3.77,-98.00,-46.00,-55.00,-2.33,-10.14,-10.57,37.00,-103.00,-8.00
-2.43,-0.35,-0.85,-75.00,-20.00,-49.00,-1.76,-4.48,-6.39,66.00,-89.00,14.00
-2.57,-2.97,0.73,-65.00,-10.00,-34.00,-2.06,-0.86,-1.74,73.00,-54.00,29.00
-5.71,-5.39,2.15,-25.00,126.00,-15.00,-2.68,1.93,0.48,67.00,-20.00,30.00
-3.79,-8.40,-10.30,-1.00,131.00,60.00,-3.61,5.39,0.56,33.00,21.00,7.00
-10.39,-6.27,-21.65,105.00,62.00,108.00,-5.64,7.85,-2.02,4.00,107.00,10.00
-9.90,9.82,-15.13,22.00,-81.00,131.00,-9.00,7.79,-4.38,-37.00,118.00,-18.00
-5.79,12.64,-10.49,-83.00,-60.00,86.00,-9.93,5.55,-10.15,-65.00,85.00,-70.00
-1.00,7.64,-8.74,-67.00,-54.00,-36.00,-13.77,0.80,-17.24,-48.00,6.00,-99.00
-1.16,2.75,-2.48,-90.00,-44.00,-52.00,-8.83,-7.54,-13.23,6.00,-98.00,-50.00
-2.89,0.01,0.53,-82.00,-13.00,-35.00,-3.11,-6.28,-7.05,37.00,-108.00,2.00
-4.43,-2.75,1.27,-68.00,42.00,4.00,-2.36,-3.15,-2.67,60.00,-76.00,28.00
-2.14,-2.66,-3.08,-5.00,131.00,12.00,-3.22,0.14,-0.41,74.00,-42.00,26.00
-7.09,-7.36,-14.25,25.00,112.00,42.00,-3.34,4.23,1.56,64.00,-4.00,15.00
-12.54,-5.49,-19.38,103.00,35.00,88.00,-3.70,6.23,0.62,42.00,66.00,-26.00
-9.09,8.96,-14.55,49.00,-82.00,131.00,-6.24,6.87,-3.65,-9.00,131.00,-32.00
-8.42,12.89,-9.28,-33.00,-91.00,49.00,-11.15,6.13,-10.72,-70.00,130.00,-48.00
-4.02,6.93,-8.22,-93.00,-36.00,6.00,-10.81,2.91,-18.32,-84.00,59.00,-106.00
-2.73,3.72,-4.08,-77.00,-36.00,-46.00,-10.88,-8.41,-17.13,-23.00,-80.00,-79.00
-2.58,1.00,-0.21,-77.00,-17.00,-39.00,-5.09,-9.49,-12.17,29.00,-113.00,-7.00
-2.95,-1.31,0.44,-51.00,10.00,-36.00,-2.18,-4.72,-5.31,64.00,-74.00,25.00
-3.02,-2.67,1.69,2.00,62.00,-23.00,-2.43,-1.27,-1.70,66.00,-66.00,28.00
-4.20,-8.47,-8.30,-1.00,131.00,23.00,-2.93,1.63,0.71,63.00,-25.00,33.00
-13.04,-5.15,-18.11,67.00,99.00,89.00,-3.38,4.69,1.44,44.00,11.00,-6.00
-12.80,0.29,-16.61,94.00,-11.00,98.00,-5.80,8.09,-0.14,12.00,63.00,-33.00
-6.41,8.78,-14.10,3.00,-48.00,108.00,-7.85,7.60,-5.09,-36.00,95.00,-24.00
-3.57,9.31,-9.88,-59.00,-80.00,17.00,-11.66,8.34,-8.80,-76.00,93.00,-42.00
-2.10,4.95,-5.78,-94.00,-79.00,-34.00,-17.21,-3.62,-17.22,-40.00,-19.00,-131.00
-1.92,2.17,-0.94,-100.00,-29.00,-45.00,-8.59,-10.69,-13.16,-22.00,-92.00,-56.00
-3.06,-0.73,0.36,-70.00,7.00,-49.00,-2.98,-7.78,-7.39,42.00,-66.00,6.00
-4.12,-3.53,-0.80,-72.00,58.00,-28.00,-3.21,-3.40,-3.90,60.00,-67.00,24.00
-5.03,-8.50,-5.76,-13.00,124.00,28.00,-3.08,-0.86,-0.60,70.00,-45.00,24.00
-8.16,-6.73,-14.35,68.00,120.00,54.00,-2.61,2.49,1.50,51.00,-13.00,30.00
-12.70,-4.72,-20.51,128.00,37.00,101.00,-2.54,5.86,1.60,19.00,24.00,-3.00
-7.89,10.78,-13.88,14.00,-56.00,118.00,-7.78,8.67,-2.40,-6.00,111.00,-42.00
-4.68,10.17,-9.79,-63.00,-85.00,39.00,-13.23,6.16,-6.19,-63.00,115.00,-25.00
-2.71,6.21,-6.99,-76.00,-68.00,-26.00,-15.09,2.23,-12.08,-86.00,58.00,-71.00
-2.14,2.22,-2.09,-80.00,-45.00,-53.00,-12.68,-8.99,-14.30,13.00,-55.00,-117.00
-2.53,-0.83,-0.08,-65.00,-2.00,-46.00,-22.53,-17.73,7.55,-95.00,-39.00,13.00
-3.11,-3.14,0.72,-59.00,21.00,-23.00,-2.21,-3.74,-5.73,50.00,-70.00,19.00
-4.04,-6.58,0.76,-14.00,118.00,12.00,-2.88,-2.04,-2.83,53.00,-55.00,23.00
-5.79,-9.58,-16.28,61.00,131.00,42.00,-3.80,-0.97,0.06,68.00,-32.00,15.00
-11.25,-5.81,-21.09,60.00,42.00,105.00,-2.83,1.72,2.19,58.00,-2.00,19.00
-9.15,9.11,-16.37,23.00,-57.00,131.00,-2.85,5.46,1.76,36.00,43.00,-1.00
-6.17,8.87,-12.18,-50.00,-92.00,43.00,-7.24,8.08,-3.50,-10.00,113.00,-18.00
-3.91,2.91,-9.46,-95.00,-62.00,-3.00,-9.76,8.31,-7.36,-68.00,131.00,-35.00
-2.32,1.57,-2.91,-61.00,-50.00,-39.00,-11.87,4.76,-13.37,-86.00,84.00,-91.00
-3.16,0.07,0.01,-66.00,-22.00,-29.00,-10.07,-5.45,-17.02,-30.00,-53.00,-123.00
-4.10,-0.81,1.55,-60.00,18.00,-24.00,-5.37,-8.26,-11.50,31.00,-84.00,-22.00
-4.53,-2.75,0.06,-30.00,65.00,-11.00,-2.85,-4.74,-8.17,43.00,-89.00,23.00
-7.18,-6.70,-5.94,-14.00,131.00,29.00,-2.67,-1.97,-3.04,56.00,-74.00,32.00
-10.48,-7.91,-14.55,71.00,102.00,45.00,-3.66,0.43,0.59,67.00,-42.00,33.00
-11.72,-0.38,-15.67,93.00,8.00,118.00,-3.38,3.78,2.22,53.00,-18.00,18.00
-8.51,7.82,-16.18,-3.00,-91.00,111.00,-5.84,6.63,0.91,48.00,41.00,-7.00
-4.50,10.58,-8.79,-52.00,-79.00,18.00,-8.01,7.23,-1.50,3.00,109.00,-14.00
-2.26,6.28,-5.12,-75.00,-53.00,-33.00,-11.40,8.19,-6.44,-60.00,131.00,-32.00
-2.55,2.54,-0.65,-80.00,-30.00,-42.00,-11.46,1.81,-14.40,-53.00,97.00,-131.00
-3.39,-0.27,0.06,-66.00,9.00,-40.00,-10.80,-8.61,-15.87,10.00,-59.00,-90.00
-4.41,-2.88,-0.10,-49.00,31.00,-21.00,-3.97,-7.59,-11.40,28.00,-101.00,1.00
-5.72,-6.04,-4.21,-15.00,88.00,-8.00,-1.94,-4.28,-5.54,50.00,-72.00,32.00
-7.23,-8.98,-11.46,20.00,131.00,35.00,-2.80,-1.95,-1.31,64.00,-50.00,34.00
-9.75,-7.30,-15.67,86.00,56.00,82.00,-3.17,0.77,1.15,70.00,-20.00,37.00
-9.67,1.96,-14.77,73.00,-27.00,101.00,-2.48,4.18,2.32,69.00,14.00,17.00
-7.03,7.47,-13.33,-25.00,-76.00,78.00,-6.71,7.01,-0.78,32.00,74.00,-14.00
-4.50,5.97,-7.58,-76.00,-75.00,19.00,-8.47,8.72,-3.83,-29.00,112.00,-24.00
-4.17,3.23,-3.98,-71.00,-55.00,-19.00,-11.89,6.74,-10.07,-70.00,91.00,-67.00
-3.38,2.04,-0.28,-77.00,-18.00,-34.00,-13.90,-3.95,-15.35,-52.00,-4.00,-106.00
-3.08,-1.55,0.36,-67.00,27.00,-26.00,-9.36,-7.15,-12.07,-4.00,-70.00,-30.00
-2.05,-4.15,-1.03,-44.00,77.00,22.00,-4.64,-4.41,-8.93,23.00,-82.00,-3.00
-5.34,-4.88,-11.54,68.00,131.00,47.00,-3.63,-2.81,-3.40,43.00,-71.00,19.00
-15.70,-3.32,-16.83,85.00,52.00,50.00,-3.16,-0.07,-0.20,59.00,-45.00,27.00
-10.83,3.46,-16.88,35.00,-34.00,110.00,-3.48,3.32,1.45,58.00,-9.00,20.00
-5.38,8.00,-11.65,-18.00,-62.00,53.00,-4.64,5.30,1.88,35.00,33.00,1.00
-5.05,6.13,-10.12,-63.00,-59.00,21.00,-6.26,6.62,-1.63,-2.00,73.00,-15.00
-2.55,5.54,-4.22,-84.00,-64.00,-19.00,-10.54,7.97,-4.31,-66.00,114.00,-14.00
-2.17,1.89,-0.96,-67.00,-30.00,-41.00,-13.61,4.39,-10.20,-84.00,71.00,-54.00
-3.15,-0.81,1.23,-55.00,0.00,-30.00,-12.68,-4.54,-14.01,-49.00,-26.00,-82.00
-4.56,-2.01,1.19,-28.00,25.00,-22.00,-9.07,-7.44,-11.36,13.00,-85.00,-35.00
-7.01,-6.67,-3.57,-7.00,77.00,-18.00,-4.68,-3.94,-6.99,32.00,-84.00,2.00
-11.54,-7.48,-9.26,43.00,97.00,45.00,-4.23,-2.11,-2.02,57.00,-63.00,12.00
-16.14,-2.20,-13.57,112.00,14.00,59.00,-3.15,0.05,1.16,60.00,-33.00,22.00
-12.80,5.44,-11.34,59.00,-33.00,79.00,-3.84,3.12,3.85,51.00,-1.00,11.00
-6.34,8.83,-9.19,-45.00,-46.00,60.00,-5.49,5.81,2.40,35.00,50.00,-9.00
-8.00,4.73,-4.91,-54.00,-78.00,9.00,-8.39,6.58,-0.29,-12.00,92.00,-9.00
-2.05,2.81,-2.47,-73.00,-57.00,-7.00,-10.69,5.30,-2.22,-61.00,108.00,-16.00
-2.39,1.69,0.26,-68.00,-11.00,-25.00,-12.95,2.90,-12.83,-61.00,76.00,-60.00
-3.79,-0.67,1.78,-49.00,6.00,-23.00,-11.25,-2.10,-15.74,-29.00,-45.00,-71.00
-5.90,-4.11,2.72,-30.00,27.00,-18.00,-8.40,-6.43,-11.04,24.00,-79.00,-41.00
-9.03,-5.91,-1.66,15.00,131.00,6.00,-4.10,-5.51,-5.87,22.00,-81.00,42.00
-10.97,-6.64,-10.48,78.00,108.00,14.00,-3.12,-0.71,-1.48,50.00,-82.00,11.00
-12.89,-2.21,-17.57,62.00,21.00,104.00,-3.07,1.14,1.81,57.00,-44.00,15.00
-9.65,9.43,-12.47,-4.00,-69.00,90.00,-3.78,3.37,3.68,71.00,3.00,5.00
-4.56,7.19,-10.93,-59.00,-58.00,28.00,-4.74,6.05,2.35,51.00,58.00,4.00
-2.21,5.41,-3.14,-69.00,-69.00,-16.00,-7.63,8.58,-1.07,13.00,89.00,-13.00
-2.56,2.79,0.66,-73.00,-26.00,-29.00,-10.96,7.87,-4.92,-32.00,103.00,-33.00
-4.32,0.35,1.53,-63.00,15.00,-34.00,-10.74,4.27,-10.92,-58.00,66.00,-85.00
-5.22,-1.88,0.86,-43.00,49.00,-21.00,-12.01,-4.21,-13.80,-2.00,-47.00,-105.00
-7.33,-5.36,-3.11,-14.00,85.00,-21.00,-6.87,-8.40,-9.13,27.00,-87.00,-50.00
-10.07,-5.28,-6.27,25.00,91.00,20.00,-4.21,-5.42,-5.33,46.00,-61.00,16.00
-12.37,-6.36,-11.51,75.00,64.00,45.00,-3.29,-2.67,-1.60,51.00,-59.00,42.00
-12.83,0.16,-13.71,84.00,7.00,115.00,-2.98,0.52,1.78,57.00,-32.00,36.00
-5.14,10.16,-13.36,-21.00,-61.00,129.00,-3.67,2.97,2.85,74.00,-2.00,9.00
-3.59,6.76,-9.13,-62.00,-78.00,-7.00,-5.49,6.31,1.48,59.00,33.00,-5.00
-0.94,4.08,-2.17,-103.00,-66.00,-40.00,-8.18,8.63,-0.47,3.00,92.00,-3.00
-2.01,0.52,1.40,-69.00,-11.00,-51.00,-13.19,8.68,-5.64,-51.00,131.00,-61.00
-4.57,-1.85,1.29,-66.00,26.00,-25.00,-15.66,-1.39,-12.11,-58.00,-5.00,-131.00
-3.48,-4.83,0.19,-27.00,125.00,1.00,-8.42,-11.07,-12.21,-17.00,-66.00,-58.00
-6.60,-3.77,-9.21,31.00,121.00,42.00,-3.67,-8.09,-7.96,30.00,-86.00,16.00
-13.31,-2.12,-17.41,70.00,62.00,42.00,-3.22,-4.89,-3.20,42.00,-64.00,33.00
-12.97,3.78,-15.11,48.00,-20.00,79.00,-3.50,-1.91,0.24,45.00,-46.00,41.00
-6.56,7.80,-10.38,-9.00,-92.00,82.00,-3.26,1.50,2.16,42.00,-11.00,45.00
-4.38,8.28,-7.57,-73.00,-74.00,29.00,-2.58,4.45,2.01,35.00,15.00,13.00
-2.69,3.91,-3.08,-73.00,-41.00,-22.00,-2.51,8.07,-1.18,0.00,69.00,-26.00
-2.95,3.71,0.23,-84.00,-4.00,-10.00,-9.44,10.83,-3.94,-61.00,98.00,-14.00
-4.04,1.24,0.86,-64.00,26.00,-12.00,-15.21,5.25,-12.27,-98.00,78.00,-82.00
-5.08,-1.71,-0.43,-31.00,75.00,-9.00,-10.14,-9.97,-14.11,15.00,-23.00,-131.00
-4.77,-6.88,-6.43,0.00,106.00,59.00,-6.91,-9.48,-10.31,38.00,-75.00,-21.00
-8.29,-1.88,-14.96,101.00,84.00,84.00,-4.07,-6.44,-5.37,63.00,-72.00,16.00
-8.19,10.11,-18.93,65.00,-33.00,131.00,-3.75,-3.98,-1.12,65.00,-53.00,46.00
-4.47,14.53,-11.03,-47.00,-69.00,71.00,-3.01,-0.07,1.29,46.00,-32.00,35.00
-3.02,9.55,-5.73,-63.00,-62.00,-4.00,-3.20,1.53,3.68,41.00,2.00,28.00
-1.50,7.83,-4.22,-60.00,-46.00,-62.00,-3.18,6.60,3.42,30.00,62.00,-1.00
-2.05,2.27,-1.21,-64.00,-9.00,-64.00,-6.02,5.66,-2.21,-29.00,125.00,-49.00
-3.94,0.62,0.95,-57.00,12.00,-38.00,-12.02,2.18,-7.29,-80.00,111.00,-38.00
-5.01,-1.40,-0.51,-24.00,33.00,-52.00,-16.32,-1.03,-13.77,-92.00,26.00,-60.00
-6.12,-6.55,0.12,-3.00,45.00,0.00,-11.91,-7.09,-13.25,-20.00,-43.00,-67.00
-9.25,-4.47,-4.49,65.00,116.00,41.00,-6.41,-8.17,-9.81,40.00,-73.00,-17.00
-16.20,-3.96,-18.85,103.00,60.00,71.00,-2.86,-4.89,-5.71,37.00,-67.00,34.00
-10.88,8.06,-10.29,75.00,-57.00,82.00,-3.32,-2.48,-1.20,51.00,-59.00,26.00
-7.14,9.71,-9.80,-22.00,-23.00,45.00,-3.85,0.48,1.95,54.00,-25.00,29.00
-3.34,7.31,-8.76,-74.00,-53.00,-8.00,-4.60,3.14,3.59,55.00,1.00,20.00
-2.42,5.16,-3.33,-85.00,-38.00,-45.00,-6.19,5.22,2.61,33.00,58.00,-6.00
-2.68,1.75,0.36,-71.00,-17.00,-51.00,-8.48,6.15,-1.80,-13.00,104.00,-17.00
-4.17,-1.64,1.54,-69.00,0.00,-31.00,-10.45,6.47,-4.92,-47.00,93.00,-12.00
-5.50,-3.99,1.76,-38.00,58.00,4.00,-12.66,4.10,-11.59,-57.00,76.00,-90.00
-5.13,-4.94,-4.99,6.00,131.00,29.00,-10.39,-5.28,-14.87,-44.00,-23.00,-75.00
-8.92,-5.15,-12.64,69.00,88.00,52.00,-5.93,-6.26,-10.83,29.00,-71.00,-32.00
-10.10,-1.16,-15.64,76.00,22.00,91.00,-3.82,-5.07,-6.15,46.00,-72.00,7.00
-8.82,8.02,-12.95,15.00,-56.00,85.00,-2.74,-4.52,-2.70,52.00,-47.00,47.00
-7.03,6.90,-10.44,-35.00,-67.00,40.00,-2.06,-0.96,-0.06,41.00,-35.00,66.00
-3.31,6.81,-7.52,-79.00,-59.00,6.00,-2.90,2.89,1.61,49.00,-13.00,44.00
-2.57,6.70,-2.11,-82.00,-37.00,-51.00,-3.74,6.34,0.27,34.00,19.00,13.00
-1.79,0.72,-0.68,-67.00,-2.00,-68.00,-6.58,8.66,-3.08,3.00,88.00,-39.00
-3.68,-2.61,0.91,-56.00,18.00,-35.00,-8.24,7.07,-4.80,-78.00,131.00,-57.00
-5.12,-4.04,-0.69,-42.00,63.00,7.00,-13.03,0.74,-18.80,-49.00,91.00,-131.00
-5.80,-4.98,-7.88,30.00,126.00,46.00,-10.45,-7.04,-19.18,3.00,-75.00,-84.00
-6.00,-3.52,-12.44,101.00,84.00,74.00,-4.33,-5.78,-12.23,42.00,-94.00,-4.00
-14.94,-0.42,-22.31,94.00,22.00,123.00,-1.61,-4.54,-6.34,35.00,-85.00,37.00
-10.66,8.73,-15.91,-19.00,-63.00,87.00,-1.87,-1.56,-2.77,40.00,-79.00,37.00
-3.55,5.70,-11.45,-59.00,-90.00,0.00,-1.75,0.26,1.70,55.00,-50.00,29.00
-1.62,4.35,-5.33,-72.00,-88.00,-23.00,-2.33,2.81,3.69,55.00,-6.00,24.00
-1.66,2.51,0.23,-90.00,-49.00,-36.00,-3.17,7.23,2.03,49.00,45.00,1.00
-2.26,-0.88,1.43,-73.00,0.00,-37.00,-5.08,8.52,-5.01,24.00,131.00,-73.00
-2.87,-1.90,0.99,-69.00,65.00,-26.00,-7.75,8.42,-13.57,-53.00,131.00,-59.00
-2.82,-5.42,-1.07,-56.00,109.00,7.00,-8.04,-1.28,-18.99,-66.00,35.00,-131.00
-3.43,-13.08,-12.98,5.00,131.00,61.00,-8.27,-9.93,-16.66,9.00,-98.00,-64.00
-7.44,-3.23,-28.10,55.00,60.00,131.00,-3.58,-5.77,-9.93,41.00,-121.00,-6.00
-5.98,10.49,-16.86,-1.00,-80.00,128.00,-1.96,-3.67,-4.78,44.00,-88.00,36.00
-4.45,7.63,-13.74,-58.00,-59.00,27.00,-2.44,-1.69,-1.09,46.00,-66.00,38.00
-2.07,4.61,-6.23,-97.00,-93.00,-6.00,-2.87,0.52,2.02,54.00,-37.00,43.00
-1.71,2.19,-1.12,-64.00,-59.00,-49.00,-1.98,3.82,1.76,47.00,-3.00,25.00
-3.43,0.38,1.34,-70.00,-16.00,-42.00,-3.71,7.33,1.70,38.00,65.00,2.00
-4.35,-2.06,0.96,-52.00,34.00,-38.00,-7.55,10.00,-1.31,-5.00,131.00,-13.00
-4.13,-3.85,0.07,-22.00,59.00,-22.00,-14.27,8.86,-8.90,-51.00,131.00,-52.00
-7.55,-7.38,-3.35,98.00,96.00,58.00,-12.17,-4.28,-18.54,-10.00,32.00,-131.00
-13.24,-5.03,-15.60,101.00,117.00,84.00,-9.09,-9.29,-12.08,20.00,-100.00,-54.00
-12.87,6.00,-19.79,24.00,-55.00,131.00,-3.44,-5.87,-7.02,53.00,-103.00,3.00
-4.60,13.18,-7.95,-34.00,-49.00,72.00,-2.05,-3.47,-1.90,55.00,-70.00,39.00
-2.30,7.25,-7.39,-63.00,-27.00,-23.00,-3.97,-1.53,-0.22,50.00,-48.00,33.00
-0.93,5.47,-3.48,-42.00,-42.00,-52.00,-3.78,0.73,3.24,48.00,-20.00,35.00
-2.32,3.63,-0.98,-58.00,-8.00,-62.00,-3.17,2.58,3.06,58.00,14.00,19.00
-3.73,1.03,0.65,-50.00,0.00,-53.00,-3.59,7.34,-0.08,39.00,59.00,-6.00
-4.38,-0.17,0.91,-50.00,9.00,-34.00,-8.18,9.37,-3.35,-10.00,122.00,-28.00
-3.92,-4.70,-0.99,-35.00,48.00,-30.00,-12.67,7.02,-8.17,-38.00,125.00,-89.00
-7.46,-5.51,-5.47,18.00,131.00,35.00,-11.47,-6.92,-15.03,-20.00,36.00,-131.00
-14.82,-11.72,-16.41,110.00,103.00,52.00,-10.56,-13.21,-13.30,-26.00,-94.00,-18.00
-13.12,6.65,-14.74,86.00,-23.00,131.00,1.12,-9.43,-9.06,-104.00,-55.00,5.00
-7.21,10.73,-11.08,-7.00,-58.00,57.00,-3.72,-2.41,-3.73,42.00,-81.00,30.00
-5.27,3.65,-12.15,131.00,-115.00,-48.00,-4.26,-1.38,-0.84,33.00,-52.00,38.00
-3.04,1.90,-1.87,-57.00,-62.00,-34.00,-3.62,-0.13,3.23,72.00,-16.00,24.00
-2.83,2.86,0.40,-59.00,-35.00,-33.00,-4.65,3.71,3.68,56.00,39.00,23.00
-2.98,1.32,2.08,-68.00,9.00,-32.00,-5.26,6.84,-2.26,33.00,72.00,-1.00
-3.04,-2.30,1.95,-51.00,59.00,-22.00,-7.27,6.87,-5.99,-4.00,85.00,-21.00
-4.61,-6.47,-4.15,17.00,131.00,18.00,-8.36,6.02,-7.49,-40.00,80.00,-42.00
-7.93,-7.24,-15.00,55.00,122.00,68.00,-9.08,3.28,-12.68,-56.00,65.00,-84.00
-11.26,-2.50,-17.44,102.00,27.00,104.00,-9.45,-5.42,-14.64,-22.00,-20.00,-97.00
-8.86,6.51,-16.33,45.00,-55.00,131.00,-8.30,-7.60,-9.46,-1.00,-83.00,-23.00
-3.78,10.93,-8.63,-62.00,-43.00,71.00,-5.03,-5.91,-6.09,34.00,-74.00,18.00
-4.11,6.89,-7.27,-90.00,-9.00,-2.00,-3.94,-3.15,-2.85,40.00,-54.00,40.00
-2.45,5.19,-7.08,-88.00,-14.00,-49.00,-4.46,0.32,-0.34,51.00,-33.00,33.00
-2.64,1.96,1.17,-62.00,-29.00,-54.00,-5.51,2.66,0.42,47.00,-4.00,37.00
-3.56,0.23,0.92,-41.00,16.00,-39.00,-6.15,4.55,0.09,45.00,29.00,10.00
-3.29,-1.89,-1.48,-45.00,22.00,-9.00,-5.20,5.71,-2.24,31.00,56.00,-22.00
-8.77,-4.09,-3.81,-9.00,42.00,12.00,-5.92,5.71,-4.51,-2.00,98.00,-39.00
-13.31,-3.96,-8.15,55.00,92.00,33.00,-7.36,5.84,-9.84,-35.00,103.00,-105.00
-14.01,-1.46,-14.25,68.00,18.00,91.00,-10.00,-6.55,-17.78,-18.00,-20.00,-131.00
-9.66,9.55,-10.27,20.00,-53.00,100.00,-10.29,-10.70,-12.06,-25.00,-87.00,5.00
-6.97,11.36,-7.72,-30.00,-45.00,24.00,-4.12,-6.73,-6.56,18.00,-85.00,24.00
-4.36,6.79,-5.19,-59.00,-49.00,-13.00,-3.44,-4.49,-2.76,43.00,-49.00,25.00
-2.82,4.98,-3.00,-64.00,-40.00,-30.00,-4.04,-1.32,-0.98,51.00,-40.00,28.00
-4.31,2.88,-0.04,-64.00,-5.00,-42.00,-4.28,1.25,1.46,55.00,-12.00,26.00
-4.77,0.02,1.05,-50.00,22.00,-33.00,-3.56,3.68,0.88,46.00,12.00,0.00
-4.58,-1.09,0.83,-46.00,37.00,-10.00,-6.11,6.57,-2.21,1.00,51.00,-30.00
-6.63,-3.68,-2.77,11.00,89.00,2.00,-9.65,6.78,-5.32,-39.00,94.00,-40.00
-10.61,-7.12,-10.42,55.00,89.00,39.00,-11.65,2.93,-9.64,-84.00,69.00,-52.00
-13.25,0.68,-11.36,66.00,39.00,89.00,-14.45,-4.27,-15.37,-55.00,-26.00,-66.00
-9.36,11.73,-12.19,-6.00,-35.00,118.00,-9.89,-7.46,-12.87,-3.00,-87.00,-33.00
-6.02,10.84,-8.13,-44.00,-50.00,24.00,-5.14,-6.92,-6.71,44.00,-77.00,20.00
-3.19,8.71,-5.34,-74.00,-41.00,-34.00,-3.60,-3.40,-2.83,52.00,-58.00,32.00
-1.25,4.68,-1.79,-62.00,-31.00,-63.00,-3.00,-0.75,-0.10,56.00,-47.00,32.00
-2.83,1.71,1.38,-65.00,-6.00,-56.00,-3.30,2.04,2.30,67.00,-15.00,29.00
-4.64,-1.72,1.82,-57.00,13.00,-33.00,-3.50,5.94,2.81,62.00,28.00,3.00
-4.62,-4.11,-0.77,-37.00,103.00,-2.00,-4.57,8.07,-3.40,25.00,97.00,-30.00
-5.72,-6.73,-8.93,32.00,104.00,49.00,-8.70,8.23,-7.91,-48.00,108.00,-50.00
-11.69,-5.73,-14.32,80.00,44.00,72.00,-11.52,1.14,-11.21,-62.00,61.00,-116.00
-12.93,2.51,-15.04,77.00,-16.00,104.00,-8.67,-7.59,-14.13,-3.00,-21.00,-106.00
-7.95,11.88,-11.50,-38.00,-23.00,78.00,-6.93,-10.71,-10.17,19.00,-93.00,-32.00
-3.83,10.13,-7.07,-44.00,-41.00,-5.00,-3.94,-9.23,-5.31,52.00,-60.00,33.00
-1.91,7.61,-5.09,-58.00,-67.00,-37.00,-1.99,-6.36,-2.91,26.00,-52.00,81.00
-2.01,2.73,-1.49,-57.00,-42.00,-64.00,-1.93,-0.14,-0.09,41.00,-42.00,60.00
-3.87,-0.67,1.67,-44.00,-5.00,-46.00,-3.68,1.48,1.25,46.00,-14.00,44.00
-4.41,-2.94,1.08,-42.00,17.00,-27.00,-3.71,4.16,1.49,48.00,8.00,25.00
-5.64,-3.90,0.20,-38.00,44.00,4.00,-3.54,9.85,-0.46,21.00,67.00,-4.00
-8.41,-6.29,-7.03,32.00,94.00,58.00,-6.05,10.06,-4.39,-7.00,123.00,-59.00
-13.23,-3.10,-13.46,107.00,75.00,63.00,-8.82,3.42,-12.65,-50.00,92.00,-106.00
-12.45,4.06,-14.40,76.00,-36.00,91.00,-8.55,-5.90,-15.45,-8.00,11.00,-124.00
-8.57,9.46,-10.27,0.00,8.00,52.00,-9.05,-10.06,-11.58,39.00,-93.00,-69.00
-3.69,8.17,-10.90,-95.00,-7.00,11.00,-4.47,-8.74,-6.73,56.00,-67.00,14.00
-1.30,6.86,-5.19,-69.00,-85.00,-40.00,-1.23,-6.89,-2.95,11.00,-42.00,83.00
-2.59,4.15,0.93,-48.00,-46.00,-61.00,-1.80,-1.65,-0.77,35.00,-45.00,77.00
-2.89,-0.19,1.17,-46.00,-28.00,-52.00,-2.79,2.99,1.45,39.00,-23.00,59.00
-4.85,-2.69,2.03,-36.00,17.00,-15.00,-2.57,5.11,2.73,6.00,-7.00,21.00
-3.80,-5.72,-3.15,9.00,62.00,-5.00,-5.90,9.17,0.42,26.00,69.00,-34.00
-10.32,-6.68,-10.61,24.00,86.00,67.00,-8.85,9.66,-3.66,-24.00,107.00,-22.00
-15.10,1.82,-11.04,90.00,47.00,123.00,-9.13,4.93,-9.66,-37.00,99.00,-81.00
-11.05,10.22,-13.41,64.00,-27.00,75.00,-10.41,-1.87,-14.95,-1.00,4.00,-131.00
-6.36,11.10,-8.11,-47.00,-28.00,46.00,-9.40,-10.54,-13.22,4.00,-100.00,-55.00
-3.90,8.29,-6.96,-75.00,-26.00,-5.00,-5.46,-7.69,-8.65,48.00,-87.00,-11.00
-1.33,6.58,-4.57,-84.00,-40.00,-38.00,-2.79,-7.64,-4.71,60.00,-70.00,46.00
-1.81,2.86,-0.89,-82.00,-19.00,-49.00,-1.58,-2.48,-1.19,28.00,-44.00,91.00
-3.30,0.20,1.39,-62.00,10.00,-41.00,-2.27,1.75,1.48,64.00,-34.00,52.00
-3.52,-2.14,1.51,-40.00,13.00,-12.00,-2.82,5.40,3.04,46.00,1.00,13.00
-5.99,-5.73,-1.52,29.00,30.00,0.00,-4.78,7.29,0.81,33.00,49.00,-15.00
-10.54,-4.23,-9.73,51.00,131.00,81.00,-8.34,8.40,-3.13,23.00,99.00,-6.00
-14.72,4.86,-13.56,76.00,34.00,70.00,-10.99,8.90,-7.47,-40.00,117.00,-45.00
-10.87,8.23,-12.01,34.00,-55.00,68.00,-10.79,1.78,-13.99,-50.00,52.00,-131.00
-6.02,8.65,-7.76,-46.00,-69.00,35.00,-10.09,-8.90,-11.98,2.00,-63.00,-93.00
-4.59,9.06,-3.16,-73.00,-53.00,-13.00,-6.17,-9.19,-8.68,15.00,-92.00,-6.00
-2.63,5.73,-0.54,-72.00,-29.00,-59.00,-3.13,-5.60,-3.85,34.00,-78.00,42.00
-2.12,1.62,0.24,-55.00,6.00,-63.00,-2.81,-2.44,-0.35,32.00,-53.00,58.00
-3.13,-1.84,0.50,-48.00,0.00,-57.00,-3.03,0.58,1.61,50.00,-28.00,50.00
-4.21,-3.53,-0.32,-52.00,26.00,-24.00,-3.34,4.16,2.41,56.00,-1.00,31.00
-7.40,-9.95,-0.48,19.00,-6.00,48.00,-2.74,7.86,1.94,32.00,31.00,-1.00
-14.85,-7.30,-8.27,130.00,125.00,39.00,-5.40,10.07,-2.43,-12.00,89.00,-54.00
-16.18,3.21,-10.95,127.00,35.00,81.00,-11.64,8.11,-7.04,-70.00,119.00,-32.00
-12.29,10.05,-10.99,-1.00,-31.00,99.00,-14.47,0.92,-11.52,-58.00,46.00,-100.00
-8.03,6.68,-7.17,-61.00,-68.00,41.00,-11.64,-10.22,-13.86,26.00,-70.00,-88.00
-1.85,5.69,-3.97,-94.00,-44.00,-10.00,-4.36,-8.08,-9.53,40.00,-74.00,19.00
-0.04,2.01,-0.34,-73.00,-18.00,-44.00,-1.74,-5.16,-4.03,34.00,-68.00,50.00
-1.75,-0.13,1.25,-66.00,0.00,-33.00,-2.03,-1.11,0.28,44.00,-56.00,47.00
-3.28,-3.39,1.08,-33.00,-1.00,-18.00,-3.11,0.87,1.65,49.00,-25.00,38.00
-7.72,-5.54,1.29,-17.00,61.00,26.00,-1.64,4.53,3.12,38.00,-3.00,17.00
-12.28,-4.77,-3.51,65.00,131.00,20.00,-2.66,8.84,1.82,13.00,56.00,-18.00
-17.30,-2.38,-11.88,91.00,46.00,48.00,-8.47,10.21,-5.06,8.00,131.00,-78.00
-13.33,5.21,-10.67,64.00,-11.00,105.00,-11.50,2.66,-13.32,-47.00,126.00,-112.00
-8.12,11.95,-7.61,-73.00,-58.00,65.00,-10.01,-9.28,-12.58,10.00,-32.00,-117.00
-3.45,9.16,-3.41,-107.00,-61.00,-7.00,-5.28,-12.64,-12.04,29.00,-87.00,-14.00
-0.50,3.11,-3.56,-59.00,-24.00,-74.00,-2.23,-8.81,-5.84,30.00,-81.00,47.00
-1.99,-1.33,0.00,-54.00,-1.00,-66.00,-1.37,-4.20,-1.78,35.00,-65.00,73.00
-3.13,-4.58,1.43,-59.00,-2.00,-29.00,-1.88,0.29,1.25,55.00,-34.00,52.00
-7.35,-7.53,0.71,-34.00,120.00,11.00,-2.00,3.74,2.11,51.00,-27.00,30.00
-8.36,-10.31,-10.30,10.00,131.00,16.00,-3.48,8.86,0.79,51.00,42.00,-7.00
-13.49,-8.70,-14.82,82.00,68.00,86.00,-6.08,9.01,-2.96,-4.00,110.00,-34.00
-9.22,2.64,-17.77,110.00,-26.00,131.00,-14.56,8.51,-8.38,-72.00,110.00,-40.00
-9.13,12.84,-5.62,-49.00,-78.00,79.00,-16.70,-0.06,-12.71,-76.00,14.00,-118.00
-1.68,7.51,-9.30,-100.00,-62.00,-24.00,-11.42,-9.52,-14.02,-28.00,-39.00,-65.00
-0.49,3.02,-3.38,-73.00,-38.00,-57.00,-5.97,-8.60,-10.84,53.00,-95.00,-7.00
-2.88,-0.23,0.48,-62.00,-17.00,-46.00,-1.20,-3.83,-3.74,60.00,-93.00,29.00
-3.81,-2.05,2.48,-64.00,-11.00,-20.00,-1.08,-0.15,1.22,56.00,-56.00,35.00
-3.84,-5.01,1.32,-50.00,43.00,1.00,-1.61,2.00,2.87,50.00,-27.00,26.00
-7.33,-8.53,-6.98,-19.00,129.00,30.00,-2.34,4.15,2.06,41.00,2.00,0.00
-14.52,-8.42,-14.71,82.00,90.00,52.00,-4.32,8.57,-0.59,20.00,85.00,-21.00
-15.30,0.29,-14.16,131.00,11.00,88.00,-10.80,10.93,-4.74,-43.00,129.00,-20.00
-8.40,11.76,-10.49,17.00,-78.00,131.00,-13.43,8.45,-9.66,-99.00,94.00,-39.00
-5.67,9.15,-4.76,-61.00,-74.00,30.00,-14.30,-2.82,-14.20,-70.00,-7.00,-107.00
-2.00,5.99,-2.59,-102.00,-26.00,-34.00,-8.89,-4.35,-13.63,-30.00,-82.00,-40.00
-1.99,0.28,-1.14,-74.00,-16.00,-41.00,-4.88,-5.60,-8.16,49.00,-93.00,-4.00
-3.54,-1.38,1.49,-57.00,8.00,-25.00,-2.13,-2.59,-2.28,71.00,-75.00,21.00
-3.60,-4.84,0.97,-29.00,30.00,-14.00,-1.55,0.86,1.29,61.00,-43.00,28.00
-7.44,-8.99,-4.92,8.00,113.00,1.00,-2.21,3.51,3.20,66.00,-7.00,16.00
-14.19,-8.95,-9.04,74.00,107.00,20.00,-2.86,7.07,1.16,45.00,43.00,-12.00
-16.44,-2.55,-12.94,131.00,49.00,77.00,-7.60,9.59,-3.02,-15.00,110.00,-20.00
-12.13,10.43,-11.38,22.00,-37.00,119.00,-11.73,9.28,-6.66,-75.00,124.00,-27.00
-7.26,8.66,-10.24,-39.00,-71.00,13.00,-13.24,2.33,-10.39,-91.00,117.00,-82.00
-2.88,4.08,-5.62,-101.00,-29.00,-26.00,-11.30,-4.60,-17.55,9.00,-12.00,-104.00
-1.53,1.65,0.57,-86.00,-38.00,-31.00,-5.71,-6.77,-11.29,31.00,-102.00,-27.00
-1.82,-0.17,1.56,-56.00,-20.00,-51.00,-1.73,-4.18,-5.08,49.00,-91.00,18.00
-3.70,-3.26,0.89,-61.00,53.00,-36.00,-1.33,-0.50,-0.29,62.00,-54.00,45.00
-4.65,-9.67,-4.42,-30.00,126.00,-15.00,-1.51,2.77,1.85,69.00,-23.00,34.00
-9.20,-13.39,-11.63,57.00,131.00,9.00,-2.39,5.90,3.04,65.00,23.00,3.00
-13.42,-6.84,-20.19,85.00,50.00,131.00,-3.90,9.98,-1.04,31.00,100.00,-31.00
-9.59,8.31,-15.20,14.00,-73.00,131.00,-7.07,10.42,-6.78,-36.00,131.00,-11.00
-4.22,9.73,-7.54,-75.00,-110.00,48.00,-10.47,8.17,-14.25,-63.00,114.00,-69.00
-1.77,4.35,-3.54,-67.00,-64.00,-19.00,-10.87,-0.40,-18.68,-37.00,2.00,-106.00
-1.65,1.85,-0.98,-67.00,-22.00,-35.00,-7.36,-5.02,-15.57,-12.00,-107.00,-78.00
-3.06,-1.65,0.60,-60.00,-3.00,-32.00,-2.48,-4.12,-5.65,49.00,-97.00,-18.00
-4.07,-3.59,2.67,-74.00,25.00,-7.00,-1.85,-2.45,-0.63,71.00,-69.00,13.00
-4.61,-6.86,-1.52,-44.00,87.00,4.00,-2.51,0.30,1.84,72.00,-36.00,27.00
-7.31,-7.84,-9.33,1.00,123.00,31.00,-3.60,4.14,2.54,64.00,-7.00,23.00
-12.33,-6.95,-16.12,76.00,67.00,60.00,-4.43,7.09,1.65,57.00,30.00,-8.00
-11.67,-2.64,-18.31,106.00,9.00,131.00,-8.39,7.99,-1.37,24.00,53.00,-36.00
-7.70,7.48,-13.48,-7.00,-61.00,131.00,-10.58,8.49,-3.73,-41.00,121.00,-20.00
-5.53,9.58,-6.63,-94.00,-68.00,25.00,-13.12,5.16,-13.43,-55.00,126.00,-93.00
-0.75,5.18,-3.80,-90.00,-44.00,-34.00,-11.63,-3.95,-13.55,-21.00,-5.00,-105.00
-1.38,2.22,-1.45,-63.00,-22.00,-51.00,-6.94,-8.27,-12.97,29.00,-86.00,-33.00
-3.18,-2.16,0.60,-74.00,2.00,-46.00,-2.80,-4.98,-6.35,36.00,-83.00,26.00
-4.62,-3.49,0.37,-55.00,28.00,-19.00,-2.91,-2.86,-2.55,37.00,-69.00,41.00
-7.22,-6.02,-1.78,-16.00,127.00,1.00,-3.00,0.50,1.06,50.00,-46.00,35.00
-6.35,-9.60,-12.39,63.00,131.00,46.00,-3.47,3.64,3.02,56.00,-1.00,19.00
-8.14,-5.75,-19.38,79.00,68.00,125.00,-3.61,4.41,1.17,52.00,38.00,0.00
-7.09,6.46,-15.33,19.00,-55.00,131.00,-5.99,7.29,-3.08,21.00,90.00,-13.00
-6.94,10.39,-11.15,-61.00,-85.00,63.00,-7.95,8.10,-7.79,-35.00,104.00,-8.00
-3.19,7.27,-8.29,-91.00,-89.00,-2.00,-10.06,6.72,-12.67,-61.00,78.00,-72.00
-0.36,4.17,-4.06,-69.00,-61.00,-48.00,-10.99,-0.78,-17.47,-50.00,-3.00,-94.00
-2.41,2.85,-0.15,-81.00,-26.00,-61.00,-6.62,-4.85,-13.74,-1.00,-93.00,-61.00
-3.94,-2.27,2.48,-80.00,7.00,-36.00,-4.45,-6.14,-7.62,31.00,-88.00,-2.00
-4.97,-2.99,2.87,-51.00,88.00,-4.00,-3.40,-2.21,-3.03,52.00,-75.00,18.00
-4.34,-7.35,-5.71,11.00,131.00,-11.00,-3.57,0.59,0.30,54.00,-54.00,28.00
-8.27,-8.77,-12.54,34.00,93.00,44.00,-3.88,2.93,2.95,52.00,-28.00,17.00
-9.28,-7.68,-16.89,88.00,56.00,131.00,-4.29,5.14,4.13,55.00,13.00,-11.00
-4.17,8.97,-19.34,27.00,-46.00,131.00,-6.01,7.11,-1.09,28.00,110.00,-28.00
-3.46,12.46,-8.61,-73.00,-86.00,29.00,-10.20,7.73,-5.55,-29.00,131.00,-33.00
-0.75,7.00,-5.22,-93.00,-66.00,-52.00,-12.07,6.10,-10.63,-82.00,99.00,-79.00
-0.71,3.24,-2.46,-74.00,-35.00,-74.00,-9.62,-3.08,-17.92,-17.00,0.00,-120.00
-3.68,-0.07,0.92,-62.00,-1.00,-55.00,-5.61,-8.08,-13.64,32.00,-87.00,-26.00
-3.92,-3.12,0.98,-47.00,49.00,-25.00,-2.76,-6.14,-7.87,53.00,-98.00,25.00
-4.71,-6.38,-3.43,-24.00,113.00,13.00,-1.94,-3.50,-2.62,52.00,-83.00,44.00
-6.59,-5.85,-14.49,45.00,131.00,17.00,-2.87,-0.90,1.07,56.00,-52.00,40.00
-10.33,-5.08,-18.50,66.00,36.00,99.00,-2.61,2.85,3.09,53.00,-14.00,26.00
-5.54,7.84,-18.14,1.00,-61.00,131.00,-3.36,6.68,1.02,29.00,55.00,5.00
-5.19,12.35,-8.13,-66.00,-113.00,7.00,-6.36,8.50,-3.98,-11.00,107.00,-29.00
-3.51,3.55,-4.95,-70.00,-85.00,-31.00,-12.43,6.32,-8.45,-68.00,110.00,-47.00
-2.13,1.79,-2.32,-71.00,-43.00,-51.00,-14.33,-2.74,-14.86,-46.00,18.00,-90.00
-3.19,-0.91,1.26,-54.00,7.00,-48.00,-10.58,-8.27,-12.67,-30.00,-77.00,-31.00
-3.65,-3.39,0.65,-54.00,69.00,-28.00,-6.34,-4.79,-7.73,11.00,-93.00,9.00
-3.94,-7.23,-6.79,-37.00,105.00,27.00,-4.28,-2.32,-4.17,35.00,-73.00,26.00
-10.62,-6.77,-16.58,35.00,97.00,79.00,-1.84,-0.03,0.50,47.00,-53.00,21.00
-12.72,-0.55,-17.78,24.00,-37.00,96.00,-2.36,1.37,3.19,50.00,4.00,26.00
-7.75,9.28,-11.22,0.00,-97.00,84.00,-3.84,6.48,1.37,32.00,74.00,8.00
-5.54,8.36,-4.33,-42.00,-93.00,2.00,-7.04,9.01,-3.44,-2.00,120.00,-30.00
-3.49,5.74,-3.32,-48.00,-28.00,-34.00,-13.66,5.59,-7.42,-38.00,114.00,-63.00
-2.98,1.32,-2.28,-50.00,-13.00,-37.00,-11.80,-2.18,-14.22,-6.00,30.00,-109.00
-4.68,0.64,-1.36,-59.00,7.00,-49.00,-8.83,-10.43,-12.13,12.00,-90.00,-54.00
-4.99,-3.18,0.37,-68.00,5.00,-16.00,-5.10,-10.44,-8.07,22.00,-76.00,34.00
-4.20,-5.25,-1.69,-15.00,57.00,2.00,-2.71,-4.28,-4.26,23.00,-63.00,59.00
-8.71,-9.49,-8.98,36.00,131.00,43.00,-2.57,-0.55,-0.68,40.00,-47.00,39.00
-13.79,-5.41,-16.69,87.00,59.00,92.00,-3.61,1.81,0.83,37.00,-18.00,32.00
-6.14,3.48,-17.12,29.00,-23.00,131.00,-4.28,5.19,1.56,38.00,-6.00,13.00
-4.05,10.87,-7.17,-63.00,-95.00,42.00,-6.22,7.77,-0.07,20.00,44.00,-2.00
-1.26,6.25,-7.69,-73.00,-74.00,-17.00,-8.90,9.13,-3.56,-17.00,107.00,-13.00
-1.29,4.38,-2.53,-78.00,-38.00,-42.00,-11.28,6.82,-9.34,-63.00,91.00,-67.00
-4.31,1.03,0.64,-63.00,8.00,-43.00,-11.41,-2.31,-15.67,-45.00,-8.00,-104.00
-4.52,-1.84,0.08,-45.00,41.00,-31.00,-9.87,-9.57,-11.41,1.00,-71.00,-45.00
-4.20,-2.39,-2.92,-32.00,51.00,-21.00,-4.33,-5.75,-7.89,30.00,-69.00,18.00
-6.53,-8.96,-10.98,5.00,92.00,3.00,-2.06,-2.91,-3.10,41.00,-71.00,45.00
-10.56,-6.30,-12.02,63.00,48.00,46.00,-2.42,0.51,1.18,53.00,-41.00,45.00
-10.73,2.38,-15.54,39.00,13.00,122.00,-3.56,2.89,1.93,54.00,-5.00,43.00
-8.89,11.92,-12.50,-39.00,-92.00,112.00,-3.18,5.78,-0.26,45.00,26.00,19.00
-3.78,10.60,-6.41,-59.00,-62.00,-18.00,-6.08,8.59,-4.64,5.00,44.00,-11.00
-1.19,4.66,-3.04,-72.00,-32.00,-54.00,-8.04,9.22,-4.19,-37.00,93.00,-32.00
-2.15,0.72,-0.15,-58.00,-9.00,-58.00,-13.34,5.85,-10.33,-67.00,83.00,-91.00
-4.89,-1.42,1.50,-46.00,20.00,-39.00,-15.72,-2.94,-14.09,-48.00,-3.00,-107.00
-4.31,-2.88,0.25,-35.00,45.00,-23.00,-5.42,-6.12,-12.15,32.00,-76.00,-52.00
-6.60,-8.25,-3.06,34.00,50.00,0.00,-2.08,-4.73,-5.54,46.00,-84.00,11.00
-11.01,-8.66,-8.36,50.00,115.00,38.00,-2.53,-2.13,-1.00,41.00,-61.00,38.00
-13.55,-4.21,-15.20,82.00,64.00,113.00,-3.56,0.88,2.11,53.00,-30.00,34.00
-10.94,6.09,-13.19,5.00,-46.00,131.00,-3.91,3.32,2.97,58.00,2.00,21.00
-4.75,12.76,-9.61,-70.00,-49.00,36.00,-3.86,8.20,1.76,37.00,50.00,6.00
-3.71,8.77,-6.00,-86.00,-63.00,-3.00,-7.97,10.33,-1.40,-18.00,112.00,-8.00
-1.52,4.34,-2.65,-70.00,-33.00,-53.00,-9.45,7.73,-7.63,-38.00,107.00,-55.00
-2.28,-0.57,0.12,-62.00,-8.00,-63.00,-11.25,2.64,-12.27,-33.00,66.00,-92.00
-3.90,-2.46,1.69,-50.00,15.00,-39.00,-9.01,-4.26,-13.45,5.00,-22.00,-92.00
-3.15,-3.37,-0.06,-30.00,35.00,-23.00,-5.86,-7.38,-9.79,20.00,-69.00,-19.00
-5.57,-5.63,-3.63,-16.00,83.00,14.00,-4.19,-5.12,-6.49,40.00,-67.00,15.00
-10.81,-9.04,-14.12,54.00,131.00,15.00,-3.58,-2.92,-2.96,45.00,-58.00,32.00
-13.45,-7.42,-13.92,87.00,51.00,109.00,-3.99,-0.40,0.57,54.00,-36.00,33.00
-6.98,5.92,-15.62,9.00,-36.00,131.00,-3.53,2.11,1.74,39.00,-13.00,42.00
-4.39,9.26,-8.44,-63.00,-124.00,39.00,-1.88,5.20,2.10,50.00,0.00,14.00
-1.14,5.86,-3.10,-70.00,-67.00,-25.00,-4.85,8.55,-2.25,22.00,105.00,-24.00
-1.48,3.70,-1.50,-75.00,-31.00,-45.00,-7.48,8.66,-7.87,-40.00,131.00,-34.00
-3.37,-0.04,0.68,-64.00,5.00,-55.00,-10.42,3.63,-15.36,-69.00,82.00,-100.00
-4.31,-4.63,0.59,-60.00,23.00,-41.00,-10.11,-9.89,-18.93,0.00,-32.00,-75.00
-4.93,-7.06,0.86,-56.00,118.00,-13.00,-5.64,-7.30,-12.83,15.00,-102.00,3.00
-3.42,-9.88,-9.44,38.00,131.00,1.00,-1.80,-5.36,-6.52,46.00,-108.00,34.00
-6.42,-12.74,-19.75,49.00,100.00,101.00,-1.16,-2.02,-2.22,57.00,-77.00,48.00
-4.26,-7.04,-16.00,11.00,17.00,131.00,-1.76,-0.27,3.05,75.00,-41.00,51.00
-1.71,7.19,-15.15,-72.00,-131.00,114.00,-1.55,3.72,0.84,78.00,35.00,49.00
-0.65,6.91,-7.50,-55.00,-84.00,22.00,-2.62,11.38,-4.48,51.00,84.00,14.00
-2.17,4.66,-2.51,-52.00,-50.00,-24.00,-5.35,9.60,-5.15,11.00,131.00,-22.00
-4.19,3.05,-2.52,-67.00,-16.00,-40.00,-4.89,9.03,-14.48,-44.00,131.00,-8.00
-4.19,-0.62,-0.15,-71.00,-10.00,-54.00,1.84,8.55,-16.13,40.00,56.00,-84.00
-3.79,-3.61,1.37,-76.00,39.00,-31.00,0.77,4.48,-16.64,36.00,-33.00,-113.00
-5.15,-8.78,-2.43,-7.00,131.00,-12.00,-1.51,-3.68,-15.01,27.00,-108.00,-82.00
-8.03,-8.28,-14.01,52.00,131.00,38.00,-2.89,-6.81,-6.38,-3.00,-115.00,22.00
-11.87,-2.48,-16.86,96.00,-4.00,126.00,-1.47,-1.81,-2.51,-4.00,-87.00,70.00
-7.82,8.13,-14.83,16.00,-30.00,131.00,-2.03,2.97,1.15,16.00,-65.00,48.00
-5.00,7.67,-8.89,-62.00,-80.00,39.00,-3.53,4.47,2.05,18.00,-27.00,23.00
-2.72,6.32,-5.50,-97.00,-59.00,-13.00,-2.42,9.87,1.34,52.00,28.00,12.00
-2.33,2.39,-2.01,-89.00,-24.00,-52.00,-4.85,11.81,-2.59,41.00,84.00,-20.00
-3.33,-0.63,-0.08,-64.00,20.00,-52.00,-3.99,10.28,-6.25,32.00,94.00,-123.00
-4.38,-3.21,0.11,-41.00,69.00,-28.00,-12.21,2.11,-18.35,-49.00,76.00,-126.00
-3.76,-8.90,-4.29,18.00,122.00,6.00,-10.40,-10.77,-14.84,12.00,-77.00,-88.00
-10.56,-6.71,-19.70,85.00,126.00,63.00,-3.83,-5.15,-10.50,25.00,-91.00,-6.00
-11.09,2.33,-16.03,57.00,-31.00,115.00,-1.11,-4.32,-5.63,48.00,-87.00,16.00
-5.84,8.32,-14.67,-21.00,-93.00,83.00,-0.74,-1.69,-0.90,54.00,-54.00,47.00
-6.63,5.23,-6.50,-55.00,-100.00,22.00,-1.99,1.97,2.09,49.00,-12.00,53.00
-2.78,4.91,-2.72,-95.00,-50.00,-7.00,-2.89,6.96,1.91,68.00,41.00,7.00
-3.37,3.41,0.58,-98.00,-14.00,-23.00,-7.43,9.12,-4.54,-14.00,97.00,-6.00
-3.67,-0.30,0.12,-78.00,22.00,-34.00,-11.30,8.16,-7.34,-59.00,108.00,-29.00
-5.03,-2.70,0.90,-48.00,54.00,-7.00,-13.05,0.05,-14.27,-74.00,43.00,-112.00
-5.77,-5.55,-3.19,-8.00,131.00,-2.00,-12.33,-10.43,-10.70,-12.00,-53.00,-86.00
-7.10,-9.41,-15.77,46.00,120.00,48.00,-6.97,-8.09,-6.27,25.00,-56.00,-5.00
-12.52,-3.24,-19.47,88.00,35.00,131.00,-4.00,-5.46,-5.87,53.00,-46.00,32.00
-4.71,9.70,-13.29,-24.00,-101.00,131.00,-2.88,-3.04,-1.77,50.00,-48.00,42.00
-5.14,9.26,-5.80,-70.00,-73.00,22.00,-2.63,0.46,2.14,48.00,-26.00,50.00
-1.95,5.86,-6.29,-87.00,-57.00,-22.00,-1.56,2.81,2.42,40.00,17.00,42.00
-1.67,4.06,-2.27,-73.00,-24.00,-59.00,-2.23,6.36,-0.68,41.00,85.00,19.00
-3.16,0.98,-0.21,-61.00,1.00,-89.00,-10.88,13.58,-7.49,3.00,86.00,-28.00
-3.40,-3.54,0.85,-72.00,13.00,-46.00,-13.65,7.69,-7.70,-73.00,75.00,-59.00
-4.86,-7.17,-3.16,21.00,112.00,-5.00,-14.60,-2.64,-12.71,-33.00,21.00,-131.00
-7.38,-11.46,-10.47,41.00,131.00,18.00,-9.13,-6.33,-10.27,19.00,-68.00,-68.00
-13.61,-8.77,-17.59,110.00,80.00,91.00,-5.05,-5.84,-6.40,36.00,-67.00,-1.00
-4.95,2.91,-23.42,3.00,-43.00,131.00,-3.68,-3.82,-3.89,34.00,-61.00,42.00
-1.75,8.13,-5.70,-69.00,-71.00,34.00,-3.25,-1.12,0.09,31.00,-45.00,33.00
-3.76,5.21,-2.01,-90.00,-20.00,-6.00,-2.86,0.71,2.90,48.00,-11.00,12.00
-2.43,3.31,-1.23,-73.00,1.00,-34.00,-0.84,3.92,2.59,59.00,36.00,27.00
-4.50,0.76,0.17,-56.00,14.00,-51.00,-4.11,9.27,-4.17,29.00,131.00,-21.00
-5.15,-0.70,0.46,-50.00,33.00,-37.00,-11.42,10.27,-12.01,-47.00,119.00,-43.00
-4.94,-4.76,-3.25,-17.00,108.00,-10.00,-14.37,5.18,-16.63,-111.00,67.00,-54.00
-8.04,-5.86,-10.02,54.00,131.00,52.00,-9.58,-6.11,-17.37,-10.00,-81.00,-89.00
-9.62,-4.70,-19.69,67.00,46.00,116.00,-3.13,-4.55,-9.53,35.00,-102.00,-23.00
-3.71,9.94,-16.37,11.00,-63.00,131.00,-2.94,-1.67,-2.70,42.00,-86.00,8.00
-3.77,15.85,-4.95,-81.00,-89.00,6.00,-3.54,-0.74,-0.59,54.00,-50.00,24.00
0.18,8.48,-7.10,-64.00,-50.00,-55.00,-3.47,1.40,0.88,56.00,-21.00,32.00
-1.03,2.67,-3.54,-76.00,-23.00,-73.00,-2.47,4.07,2.14,42.00,-6.00,31.00
-3.71,-0.22,0.66,-82.00,0.00,-28.00,-3.95,9.16,-0.09,5.00,80.00,51.00
-4.96,-0.72,2.68,-58.00,50.00,0.00,-7.36,12.55,-3.42,-2.00,131.00,-10.00
-5.67,-2.45,-5.43,16.00,114.00,10.00,-10.34,9.51,-9.99,-29.00,113.00,-104.00
-11.52,-4.77,-10.32,63.00,85.00,48.00,-8.54,-3.31,-18.14,0.00,-15.00,-104.00
-10.96,-0.67,-16.53,112.00,34.00,89.00,-6.55,-6.05,-12.58,18.00,-88.00,-32.00
-6.77,8.00,-15.71,19.00,-42.00,131.00,-3.73,-6.36,-7.54,16.00,-93.00,25.00
-3.45,18.99,-6.26,-129.00,-84.00,27.00,-2.52,-2.90,-2.80,34.00,-80.00,42.00
1.30,6.69,-4.84,-91.00,-41.00,-64.00,-3.46,1.69,2.01,41.00,-39.00,32.00
-1.00,3.00,-1.20,-61.00,-25.00,-62.00,-3.22,2.75,2.18,47.00,9.00,24.00
-3.82,-0.94,1.08,-60.00,-5.00,-47.00,-2.39,6.45,0.46,64.00,75.00,17.00
-4.73,-2.63,2.33,-33.00,32.00,-15.00,-3.29,10.35,-4.66,25.00,131.00,-27.00
-6.05,-1.98,1.16,20.00,78.00,26.00,-5.44,7.29,-15.72,-22.00,128.00,-91.00
-11.30,-2.06,-6.07,108.00,124.00,45.00,-6.95,-2.47,-20.18,10.00,24.00,-131.00
-11.69,-2.26,-16.59,96.00,76.00,75.00,-4.21,-9.47,-16.64,23.00,-100.00,-57.00
-8.74,8.17,-12.97,48.00,-35.00,115.00,-1.24,-6.82,-10.26,12.00,-109.00,28.00
-5.66,7.44,-9.05,-40.00,-83.00,49.00,-1.73,-3.58,-4.06,38.00,-92.00,41.00
-4.34,7.94,-4.24,-92.00,-62.00,2.00,-2.24,-0.67,0.56,53.00,-59.00,34.00
-3.83,4.78,-1.08,-74.00,-16.00,-15.00,-3.53,2.15,2.29,49.00,-22.00,40.00
-3.85,1.96,-0.31,-64.00,12.00,-40.00,-2.57,4.40,1.49,39.00,6.00,26.00
-5.29,-0.43,0.41,-22.00,39.00,-44.00,-5.81,7.93,-1.51,25.00,82.00,-13.00
-5.14,-1.50,0.43,-10.00,57.00,-50.00,-9.30,8.10,-7.31,-23.00,118.00,-33.00
-5.34,-4.29,-4.04,18.00,112.00,-44.00,-11.75,2.90,-13.98,-34.00,64.00,-105.00
-9.39,-11.68,-15.00,74.00,76.00,38.00,-9.54,-8.43,-15.09,7.00,-34.00,-69.00
-10.70,-2.03,-19.21,63.00,26.00,131.00,-4.10,-6.88,-8.80,7.00,-93.00,-11.00
-8.37,11.05,-11.81,-32.00,-79.00,125.00,-3.37,-6.16,-4.20,40.00,-75.00,8.00
-4.68,6.98,-6.99,-103.00,-67.00,24.00,-3.87,-3.03,-1.30,47.00,-51.00,36.00
-0.74,7.52,-4.89,-85.00,-28.00,-62.00,-4.00,0.80,0.38,31.00,-33.00,61.00
-1.73,2.12,-1.10,-65.00,-25.00,-71.00,-4.38,4.45,2.53,33.00,-5.00,44.00
-3.81,-2.47,0.90,-85.00,14.00,-37.00,-3.75,7.38,0.92,-9.00,47.00,7.00
-3.38,-2.00,-0.43,-49.00,48.00,-23.00,-6.10,8.89,-0.66,-14.00,121.00,1.00
-5.14,-8.75,-3.28,5.00,130.00,-7.00,-9.38,8.42,-9.04,-22.00,131.00,-63.00
-14.08,-11.67,-16.15,45.00,126.00,75.00,-9.42,-1.18,-17.61,-10.00,39.00,-107.00
-14.82,4.26,-13.22,66.00,-84.00,131.00,-7.64,-6.94,-13.40,38.00,-73.00,-66.00
-6.17,13.63,-6.09,-26.00,-51.00,90.00,-4.35,-7.38,-8.98,59.00,-98.00,-12.00
-4.30,7.23,-5.46,-78.00,-39.00,-8.00,-1.96,-7.33,-5.37,46.00,-86.00,66.00
-3.26,5.90,-2.33,-102.00,-30.00,-34.00,-0.22,0.22,-0.44,48.00,-64.00,66.00
-2.27,1.95,-0.20,-93.00,-2.00,-63.00,-1.92,0.91,2.21,58.00,-24.00,16.00
-3.35,-3.64,0.10,-55.00,23.00,-49.00,-2.00,4.59,3.11,56.00,17.00,16.00
-4.88,-6.09,-1.04,-19.00,60.00,1.00,-5.56,10.79,-3.11,6.00,131.00,-17.00
-6.01,-13.80,-10.49,93.00,131.00,33.00,-11.96,9.65,-8.19,-40.00,131.00,-54.00
-12.38,-4.64,-18.23,131.00,69.00,116.00,-7.33,-0.01,-19.11,-58.00,78.00,-131.00
-7.89,9.83,-16.64,2.00,-41.00,131.00,-5.77,-16.43,-14.91,70.00,-117.00,-106.00
-5.57,8.66,-8.46,-69.00,-75.00,25.00,-2.89,-11.41,-9.71,33.00,-96.00,31.00
-2.34,5.60,-5.33,-80.00,-53.00,-31.00,-1.42,-5.49,-5.33,47.00,-86.00,80.00
-2.97,2.52,-1.16,-72.00,-20.00,-48.00,-0.34,-0.35,-1.12,56.00,-69.00,65.00
-5.00,-0.52,0.06,-69.00,15.00,-47.00,-1.49,3.90,1.92,27.00,-29.00,56.00
-6.08,-2.24,0.44,-67.00,46.00,-22.00,-2.85,7.64,1.08,26.00,50.00,-7.00
-5.28,-1.74,0.32,-52.00,57.00,34.00,-5.95,7.76,-3.26,-1.00,119.00,-8.00
-8.46,-7.63,-13.36,48.00,120.00,35.00,-11.35,11.79,-8.00,-53.00,125.00,-5.00
-17.66,-3.39,-12.81,125.00,0.00,61.00,-13.29,2.92,-18.47,-61.00,41.00,-121.00
-11.41,6.53,-15.14,56.00,-13.00,131.00,-8.20,-9.70,-13.28,5.00,-94.00,-74.00
-7.80,9.62,-10.76,-49.00,-93.00,23.00,-4.45,-5.49,-6.36,31.00,-81.00,4.00
-2.53,4.85,-5.16,-80.00,-58.00,-17.00,-3.75,-2.11,-3.93,45.00,-67.00,21.00
-1.37,2.25,-0.86,-80.00,-40.00,-39.00,-3.21,0.79,-0.46,37.00,-44.00,43.00
-1.03,-0.63,1.17,-86.00,-2.00,-44.00,-2.94,2.86,1.02,52.00,-28.00,37.00
-1.87,-2.30,2.11,-88.00,60.00,-11.00,-3.79,4.99,2.30,42.00,38.00,3.00
-3.51,-9.55,-12.04,-36.00,131.00,41.00,-5.24,7.94,-3.74,21.00,129.00,-1.00
-15.06,-10.29,-18.26,76.00,108.00,66.00,-9.83,8.94,-9.70,-40.00,131.00,-27.00
-8.50,-2.74,-17.83,91.00,-6.00,131.00,-9.46,5.31,-16.60,-55.00,76.00,-87.00
-8.10,8.75,-15.36,7.00,-89.00,131.00,-8.18,-4.23,-19.43,-17.00,-69.00,-61.00
-4.27,9.14,-8.84,-106.00,-105.00,27.00,-4.61,-3.70,-13.57,3.00,-122.00,-18.00
0.82,5.36,-4.57,-63.00,-84.00,-47.00,-2.38,-2.30,-3.72,39.00,-117.00,2.00
-1.09,2.51,0.63,-88.00,-24.00,-45.00,-0.64,-0.25,0.42,44.00,-75.00,41.00
-2.17,0.25,1.28,-88.00,27.00,-64.00,-0.10,3.25,2.72,60.00,-22.00,43.00
-1.65,-5.03,-0.88,-88.00,85.00,-43.00,-0.52,6.47,-0.68,62.00,105.00,6.00
-3.78,-10.95,-9.47,-32.00,131.00,40.00,-2.86,11.72,-10.17,17.00,131.00,-22.00
-8.79,-10.75,-17.39,88.00,128.00,70.00,-7.95,10.23,-13.53,-31.00,108.00,-63.00
-7.78,-3.94,-19.33,89.00,25.00,131.00,-9.04,1.66,-18.19,-36.00,48.00,-128.00
-5.87,9.58,-13.74,22.00,-81.00,131.00,-7.06,-2.82,-19.95,-30.00,-97.00,-81.00
-5.61,10.19,-10.31,-38.00,-78.00,6.00,-2.43,-5.81,-9.99,28.00,-131.00,-38.00
-3.53,5.11,-5.98,-108.00,-69.00,1.00,-1.13,-3.04,-3.89,44.00,-95.00,22.00
-2.26,2.71,-2.34,-81.00,-35.00,-33.00,-0.84,-0.28,-1.17,67.00,-57.00,24.00
-2.68,0.45,0.06,-72.00,2.00,-54.00,-1.12,3.62,1.75,74.00,-14.00,18.00
-3.59,-0.88,-1.31,-59.00,41.00,-67.00,-2.50,7.51,-0.66,57.00,55.00,3.00
-4.39,-8.98,-0.96,-72.00,87.00,-33.00,-6.00,9.01,-3.05,19.00,113.00,3.00
-3.00,-12.28,-9.49,-4.00,131.00,81.00,-8.21,10.20,-9.18,-11.00,131.00,-26.00
-4.86,-8.61,-21.97,29.00,116.00,131.00,-10.50,6.78,-17.26,-45.00,81.00,-106.00
-4.00,4.06,-18.67,-16.00,-46.00,131.00,-9.24,-3.31,-16.84,-25.00,-50.00,-115.00
-3.34,8.68,-12.81,-98.00,-96.00,55.00,-5.13,-6.37,-12.89,-12.00,-96.00,-15.00
-1.24,5.72,-7.92,-79.00,-97.00,-14.00,-3.20,-4.11,-6.68,31.00,-95.00,6.00
-2.11,2.94,-1.95,-80.00,-63.00,-44.00,-2.77,-2.74,-3.04,46.00,-61.00,34.00
-2.71,-0.18,0.04,-61.00,-6.00,-56.00,-2.76,0.22,0.71,57.00,-25.00,31.00
-2.18,-3.48,0.18,-62.00,17.00,-32.00,-0.75,3.84,0.41,55.00,14.00,36.00
-3.77,-7.77,-3.24,-34.00,98.00,-10.00,-3.06,5.60,-1.00,50.00,43.00,33.00
-4.77,-10.26,-12.14,34.00,131.00,20.00,-4.43,12.79,-7.90,31.00,114.00,-1.00
-12.44,-8.45,-19.78,58.00,54.00,107.00,-8.58,11.34,-8.47,-25.00,123.00,-61.00
-6.97,4.63,-15.41,45.00,-18.00,131.00,-10.68,6.10,-16.62,-55.00,73.00,-131.00
-3.71,7.44,-13.66,-38.00,-88.00,61.00,-11.06,-3.16,-16.78,-41.00,-57.00,-75.00
-2.27,3.54,-8.78,-64.00,-77.00,-1.00,-5.23,-5.03,-11.39,10.00,-111.00,-35.00
-2.46,4.25,-4.15,-44.00,-48.00,-55.00,-2.94,-3.50,-5.59,22.00,-87.00,3.00
-4.08,0.29,-0.56,-77.00,-41.00,-70.00,-2.96,-0.69,-1.79,51.00,-67.00,18.00
-3.92,-4.96,0.48,-71.00,9.00,-53.00,-2.60,1.76,1.38,51.00,-32.00,33.00
-3.82,-6.21,-0.50,-79.00,78.00,-8.00,-1.42,4.57,1.62,57.00,-1.00,14.00
-3.90,-8.64,-7.88,-13.00,131.00,42.00,-1.79,8.97,0.22,43.00,66.00,0.00
-8.83,-8.60,-19.08,85.00,102.00,105.00,-6.40,11.63,-5.58,-3.00,124.00,-9.00
-7.54,0.75,-16.94,36.00,-32.00,131.00,-8.45,8.57,-12.32,-71.00,131.00,-51.00
-0.76,3.92,-14.64,-95.00,-59.00,131.00,-10.40,-1.81,-20.23,-14.00,-8.00,-131.00
-0.47,6.57,-8.46,-39.00,-77.00,4.00,-7.49,-6.03,-15.51,-12.00,-83.00,-30.00
-1.61,6.05,-1.50,-74.00,-44.00,-34.00,-3.14,-2.89,-9.65,27.00,-107.00,-10.00
-3.24,2.21,-0.74,-54.00,-6.00,-54.00,-2.51,-0.68,-4.79,34.00,-92.00,14.00
-5.70,0.16,-0.06,-62.00,21.00,-39.00,-3.51,0.07,-0.02,53.00,-73.00,27.00
-6.48,-2.39,-0.15,-24.00,69.00,-32.00,-1.97,3.20,4.21,48.00,-30.00,39.00
-5.08,-8.51,-4.73,2.00,131.00,-14.00,-1.91,5.45,4.34,57.00,28.00,20.00
-7.47,-10.05,-13.13,65.00,112.00,42.00,-3.80,9.61,-0.89,29.00,110.00,18.00
-7.65,-1.54,-17.79,29.00,13.00,131.00,-8.58,14.70,-5.19,-36.00,104.00,-35.00
-6.35,5.74,-15.93,-37.00,-13.00,101.00,-11.97,7.35,-10.67,-42.00,100.00,-105.00
-2.41,5.33,-10.03,-85.00,-77.00,5.00,-11.65,0.95,-16.24,-1.00,-16.00,-94.00
-0.73,4.33,-4.69,-72.00,-67.00,-40.00,-3.45,-4.18,-13.13,5.00,-102.00,-49.00
-3.12,2.24,-1.35,-61.00,-20.00,-43.00,-3.31,-4.28,-5.73,17.00,-89.00,19.00
-5.18,-0.81,-0.12,-47.00,10.00,-45.00,-1.93,-0.46,-1.76,28.00,-64.00,26.00
-5.84,-3.60,-0.79,-21.00,23.00,-20.00,-3.12,2.47,2.87,56.00,-32.00,-4.00
-6.52,-5.23,-4.45,1.00,79.00,20.00,-5.34,3.10,2.25,59.00,19.00,10.00
-13.48,-5.47,-13.08,63.00,85.00,40.00,-5.18,6.40,0.98,39.00,61.00,34.00
-12.83,1.71,-12.90,35.00,-16.00,92.00,-6.50,11.16,-1.91,-16.00,106.00,29.00
-10.22,10.51,-11.48,-5.00,-38.00,45.00,-8.17,11.47,-7.88,-25.00,101.00,-35.00
-3.39,7.50,-8.29,-74.00,-84.00,7.00,-8.56,3.66,-13.12,16.00,43.00,-120.00
-2.11,5.51,-2.49,-79.00,-48.00,-43.00,-6.69,-5.17,-12.81,46.00,-64.00,-87.00
-1.62,0.65,-0.37,-58.00,-17.00,-71.00,-4.72,-6.64,-7.62,30.00,-87.00,-13.00
-3.12,-2.88,1.26,-66.00,15.00,-55.00,-2.88,-4.29,-2.49,25.00,-66.00,24.00
-4.39,-5.72,0.08,-60.00,93.00,-10.00,-3.42,-1.65,-0.55,6.00,-34.00,55.00
-5.42,-7.96,-11.48,7.00,131.00,80.00,-3.15,0.97,1.08,14.00,-17.00,57.00
-12.17,-5.96,-18.46,78.00,40.00,96.00,-3.18,5.68,3.08,35.00,23.00,25.00
-10.34,6.65,-15.80,31.00,-45.00,129.00,-4.85,8.54,-4.14,19.00,126.00,-20.00
-7.65,10.46,-9.53,-49.00,-111.00,36.00,-9.26,8.50,-10.53,-35.00,97.00,-44.00
-2.71,6.33,-5.87,-73.00,-67.00,-34.00,-11.88,-0.20,-17.19,-34.00,29.00,-103.00
-1.45,2.30,-0.67,-75.00,-33.00,-42.00,-8.05,-11.58,-14.90,12.00,-67.00,-49.00
-3.05,0.36,0.36,-68.00,11.00,-39.00,-2.74,-7.94,-9.63,18.00,-92.00,17.00
-3.61,-1.79,-0.31,-53.00,36.00,-39.00,-1.28,-3.88,-4.36,26.00,-91.00,51.00
-5.35,-6.35,-3.56,-43.00,82.00,0.00,-1.67,-0.68,-0.71,26.00,-59.00,66.00
-7.47,-6.89,-10.24,-15.00,131.00,74.00,-2.19,2.85,2.37,40.00,-37.00,44.00
-11.03,-1.90,-17.75,70.00,58.00,122.00,-3.24,6.86,0.88,57.00,45.00,14.00
-8.01,6.95,-14.66,44.00,-53.00,127.00,-3.56,11.26,-4.28,48.00,131.00,-8.00
-6.76,12.26,-11.23,-79.00,-90.00,73.00,-10.42,9.34,-10.35,-20.00,112.00,-61.00
-2.89,8.82,-5.55,-76.00,-67.00,-44.00,-9.47,2.79,-17.08,-37.00,49.00,-126.00
0.29,2.92,-6.42,-56.00,-45.00,-80.00,-6.52,-6.45,-15.72,6.00,-60.00,-90.00
-2.20,0.42,-0.47,-61.00,-21.00,-70.00,-3.42,-4.55,-10.88,28.00,-92.00,0.00
-3.39,-3.65,0.83,-67.00,9.00,-54.00,-1.70,-2.72,-5.47,49.00,-88.00,29.00
-3.24,-5.76,-0.49,-58.00,71.00,-4.00,-1.70,-0.57,-0.54,24.00,-54.00,51.00
-3.76,-9.46,-11.17,-2.00,131.00,37.00,-2.70,1.50,1.27,30.00,-11.00,30.00
-6.68,-10.89,-19.69,54.00,85.00,117.00,-3.79,6.94,-0.14,31.00,22.00,25.00
-5.93,5.77,-20.60,41.00,1.00,131.00,-5.34,10.29,-3.41,12.00,82.00,7.00
-5.55,12.67,-11.92,-59.00,-83.00,95.00,-9.41,8.55,-6.10,-35.00,99.00,-32.00
-4.23,6.63,-11.14,-91.00,-55.00,0.00,-11.29,5.64,-14.91,-33.00,71.00,-118.00
-1.07,5.08,-5.61,-86.00,-77.00,-45.00,-12.58,-4.03,-16.28,-14.00,-49.00,-86.00
-1.54,0.93,0.58,-87.00,-37.00,-46.00,-6.20,-7.10,-13.46,30.00,-97.00,-28.00
-3.76,-1.91,2.11,-58.00,15.00,-32.00,-1.66,-4.14,-8.63,50.00,-92.00,29.00
-4.25,-3.87,0.81,-54.00,48.00,-5.00,-1.30,-0.17,-2.71,48.00,-74.00,27.00
-5.06,-5.50,-3.98,-35.00,126.00,14.00,-2.51,1.41,1.81,52.00,-40.00,28.00
-8.28,-6.24,-15.55,70.00,131.00,53.00,-3.22,4.66,3.85,51.00,16.00,18.00
-12.50,-2.28,-17.85,112.00,28.00,105.00,-4.07,6.61,1.40,36.00,85.00,-8.00
-8.21,8.02,-16.38,29.00,-54.00,131.00,-7.20,8.67,-4.02,-1.00,131.00,-9.00
-5.02,12.49,-8.04,-70.00,-70.00,37.00,-11.42,7.77,-12.06,-40.00,128.00,-69.00
-0.72,6.13,-5.21,-82.00,-76.00,-36.00,-13.49,1.67,-18.10,-48.00,20.00,-111.00
-0.48,3.70,-2.55,-68.00,-11.00,-62.00,-7.98,-6.85,-14.89,-11.00,-90.00,-38.00
-2.80,-0.51,-0.58,-57.00,10.00,-57.00,-3.77,-5.95,-8.92,31.00,-100.00,-3.00
-4.12,-3.90,-0.69,-69.00,72.00,-11.00,-2.63,-2.36,-4.36,42.00,-78.00,26.00
-5.56,-3.79,-6.42,0.00,114.00,23.00,-2.54,0.07,-0.16,52.00,-52.00,24.00
-8.04,-3.66,-12.67,56.00,12.00,44.00,-3.20,1.42,1.60,59.00,-16.00,24.00
-12.51,-4.39,-13.92,109.00,-3.00,87.00,-2.64,4.17,1.79,62.00,19.00,3.00
-13.19,5.88,-12.95,62.00,-11.00,131.00,-3.12,8.48,-2.50,17.00,57.00,-16.00
-5.68,10.58,-7.63,-90.00,-95.00,84.00,-7.97,9.53,-4.18,-26.00,98.00,-14.00
-3.33,6.41,-5.11,-102.00,-50.00,-16.00,-11.06,7.54,-9.77,-64.00,90.00,-63.00
-1.83,4.43,-2.92,-79.00,1.00,-61.00,-11.71,-2.52,-18.34,-71.00,12.00,-107.00
-2.94,-0.27,-1.18,-74.00,9.00,-55.00,-10.58,-6.98,-13.87,-24.00,-78.00,-30.00
-3.66,-3.51,-0.61,-60.00,38.00,-29.00,-3.15,-6.18,-8.05,40.00,-96.00,1.00
-5.41,-5.31,-2.34,-24.00,84.00,-2.00,-1.15,-0.72,-2.47,56.00,-77.00,24.00
-5.59,-9.10,-11.06,67.00,131.00,25.00,-2.48,1.29,0.64,64.00,-35.00,18.00
-10.59,-8.57,-19.53,89.00,77.00,114.00,-3.21,4.05,2.09,69.00,5.00,10.00
-6.35,5.19,-18.17,24.00,-22.00,131.00,-6.17,6.28,0.25,54.00,39.00,-4.00
-6.33,10.61,-9.68,-56.00,-91.00,58.00,-9.32,9.81,-0.69,3.00,105.00,-6.00
-4.35,5.44,-6.31,-113.00,-66.00,-5.00,-11.37,9.83,-6.25,-64.00,113.00,-13.00
-2.90,4.28,-2.37,-75.00,-34.00,-65.00,-13.35,8.50,-13.68,-76.00,78.00,-86.00
-0.99,-0.85,-1.87,-55.00,-14.00,-80.00,-9.44,-4.02,-16.70,-16.00,-43.00,-104.00
-2.80,-4.01,0.52,-74.00,5.00,-28.00,-3.56,-7.57,-10.80,35.00,-105.00,-40.00
-4.56,-2.23,-0.78,-42.00,80.00,10.00,-2.48,-3.90,-4.87,46.00,-77.00,14.00
-7.16,-9.68,-10.19,21.00,131.00,-5.00,-2.18,-1.05,-0.69,58.00,-49.00,40.00
-12.17,-10.49,-17.50,81.00,74.00,62.00,-2.31,1.82,1.50,63.00,-11.00,48.00
-12.92,-2.09,-13.43,82.00,-21.00,131.00,-3.02,5.32,0.94,60.00,25.00,35.00
-7.67,11.15,-10.96,-15.00,-76.00,91.00,-4.62,10.44,-3.42,42.00,111.00,3.00
-2.90,6.36,-6.60,-86.00,-70.00,-8.00,-6.47,11.72,-9.57,-10.00,131.00,-32.00
-1.54,4.37,-1.42,-89.00,-39.00,-25.00,-11.82,7.67,-13.82,-47.00,97.00,-112.00
-2.66,2.00,0.89,-72.00,6.00,-40.00,-10.23,-4.70,-17.54,-5.00,-55.00,-119.00
-4.00,0.04,0.24,-66.00,27.00,-32.00,-5.96,-5.62,-13.24,13.00,-95.00,-27.00
-4.08,-3.93,-0.14,-55.00,61.00,-34.00,-2.51,-3.38,-6.61,44.00,-96.00,3.00
-2.21,-9.47,-5.42,-5.00,131.00,8.00,-2.00,-2.21,-2.74,53.00,-80.00,35.00
-3.23,-14.30,-24.37,64.00,115.00,88.00,-1.00,0.61,1.08,43.00,-49.00,55.00
-4.19,0.06,-21.28,34.00,-4.00,131.00,-0.23,3.63,2.93,54.00,-3.00,38.00
-3.94,13.50,-12.50,-70.00,-113.00,102.00,-1.17,9.98,-0.59,74.00,90.00,6.00
-1.87,9.05,-9.08,-88.00,-58.00,-16.00,-4.04,12.55,-8.71,26.00,131.00,-10.00
-0.16,6.76,-4.46,-84.00,-46.00,-53.00,-8.20,10.28,-13.04,-32.00,126.00,-72.00
-1.41,0.84,-1.64,-79.00,-12.00,-66.00,-3.29,1.00,-21.85,15.00,50.00,-131.00
-2.50,-2.07,-0.31,-68.00,14.00,-60.00,-5.62,-10.56,-17.11,34.00,-124.00,-77.00
-3.60,-4.94,0.34,-67.00,56.00,5.00,-0.34,-4.73,-11.66,24.00,-131.00,12.00
-2.14,-5.14,-9.96,22.00,131.00,62.00,-0.64,-2.54,-3.89,22.00,-107.00,38.00
-11.17,-5.99,-20.94,50.00,97.00,100.00,-2.11,-0.30,0.18,43.00,-68.00,36.00
-7.70,5.51,-16.81,63.00,-47.00,131.00,-2.24,2.35,2.12,48.00,-44.00,22.00
-5.14,11.23,-12.52,-15.00,-106.00,88.00,-2.60,5.04,0.61,56.00,18.00,3.00
-2.96,11.36,-8.63,-60.00,-72.00,-14.00,-4.63,8.19,-2.55,34.00,81.00,-6.00
-1.60,8.28,-5.96,-84.00,-49.00,-54.00,-8.58,9.75,-6.26,-17.00,105.00,5.00
-1.73,2.75,-2.26,-74.00,-28.00,-65.00,-10.96,11.81,-12.61,-88.00,122.00,-49.00
-2.64,-0.84,-0.19,-70.00,8.00,-62.00,-11.12,-0.15,-17.70,-67.00,36.00,-131.00
-3.07,-3.65,0.17,-70.00,43.00,-26.00,-6.64,-7.91,-14.83,13.00,-77.00,-75.00
-2.97,-5.64,-5.79,-29.00,126.00,10.00,-2.00,-4.59,-9.03,26.00,-84.00,21.00
-4.98,-7.25,-16.14,23.00,127.00,82.00,-1.61,-1.52,-2.08,61.00,-91.00,6.00
-8.76,-3.08,-21.92,104.00,45.00,131.00,-2.41,0.71,0.97,45.00,-44.00,31.00
-6.31,10.40,-18.20,12.00,-81.00,131.00,-2.66,3.48,2.61,48.00,-13.00,15.00
-3.57,11.90,-10.15,-105.00,-112.00,47.00,-3.83,7.13,0.97,39.00,86.00,-10.00
-0.95,5.89,-7.48,-107.00,-47.00,-25.00,-7.70,8.54,-3.88,1.00,131.00,-17.00
-0.96,3.34,-1.53,-96.00,-31.00,-57.00,-11.17,7.73,-10.63,-42.00,127.00,-46.00
-2.45,-0.16,0.46,-71.00,13.00,-63.00,-13.10,0.87,-16.88,-25.00,42.00,-106.00
-2.12,-4.04,0.67,-74.00,37.00,-28.00,-9.28,-8.05,-17.46,-2.00,-93.00,-54.00
-2.74,-5.27,-3.09,-35.00,113.00,50.00,-3.67,-7.37,-9.09,34.00,-106.00,0.00
-7.68,-7.94,-18.76,11.00,131.00,80.00,-2.88,-4.09,-5.30,51.00,-71.00,26.00
-6.77,-3.02,-21.41,90.00,25.00,131.00,-2.28,-0.65,-1.50,65.00,-54.00,29.00
-4.80,10.04,-17.35,36.00,-73.00,131.00,-2.39,1.67,0.90,64.00,-20.00,35.00
-3.79,12.48,-8.82,-69.00,-101.00,37.00,-3.05,5.12,1.47,62.00,26.00,16.00
-0.90,7.42,-6.76,-94.00,-51.00,-24.00,-3.27,9.34,-1.83,27.00,100.00,-6.00
-0.73,4.13,-3.91,-97.00,-26.00,-56.00,-7.98,11.30,-6.53,-49.00,131.00,-21.00
-3.09,0.41,-0.90,-68.00,4.00,-66.00,-12.85,8.44,-13.48,-82.00,127.00,-100.00
-3.80,-2.14,-1.12,-59.00,30.00,-37.00,-12.50,-2.94,-18.89,-24.00,-36.00,-125.00
-4.31,-5.37,-2.90,-32.00,24.00,1.00,-4.26,-5.90,-15.25,18.00,-95.00,-29.00
-9.44,-8.25,-7.24,42.00,112.00,42.00,-1.27,-4.67,-8.50,30.00,-97.00,21.00
-12.30,-5.91,-15.36,97.00,85.00,61.00,-2.29,-1.98,-2.80,72.00,-84.00,5.00
-10.07,3.01,-16.73,64.00,-10.00,131.00,-2.11,0.91,1.18,76.00,-47.00,14.00
-6.75,7.86,-14.84,-38.00,-69.00,86.00,-1.66,4.08,3.26,78.00,7.00,2.00
-2.20,8.04,-6.07,-93.00,-84.00,12.00,-2.19,8.77,0.79,29.00,101.00,1.00
-2.26,5.98,-4.44,-95.00,-39.00,-38.00,-4.07,10.12,-9.28,-16.00,131.00,-48.00
-2.40,1.80,-1.51,-86.00,-12.00,-66.00,-9.34,4.80,-15.51,-77.00,98.00,-95.00
-3.17,-0.97,-0.26,-69.00,12.00,-65.00,-9.41,-5.97,-22.14,-4.00,-15.00,-130.00
-3.09,-4.45,-0.03,-68.00,47.00,-24.00,-6.03,-10.75,-15.80,19.00,-99.00,-28.00
-6.15,-6.86,-6.97,-3.00,127.00,4.00,-2.71,-6.44,-8.91,49.00,-102.00,9.00
-10.84,-9.24,-11.39,38.00,118.00,69.00,-1.46,-3.07,-5.07,35.00,-75.00,47.00
-12.12,-4.57,-17.14,103.00,30.00,131.00,-1.54,-0.31,-0.58,46.00,-55.00,50.00
-6.12,10.12,-13.12,2.00,-53.00,131.00,-3.21,2.77,1.66,59.00,-11.00,42.00
-4.84,12.88,-9.38,-92.00,-63.00,26.00,-4.16,6.22,-0.23,67.00,38.00,-3.00
-1.22,6.27,-6.47,-95.00,-45.00,-40.00,-5.41,9.09,-1.34,20.00,101.00,-19.00
-0.87,2.49,-1.31,-72.00,-26.00,-61.00,-6.66,8.20,-6.59,-48.00,131.00,-28.00
-2.00,-0.38,1.40,-66.00,19.00,-74.00,-5.64,7.09,-14.62,-56.00,131.00,-81.00
-2.85,-3.57,1.04,-68.00,46.00,-48.00,-9.00,-3.98,-23.73,-16.00,-23.00,-123.00
-2.62,-4.92,-5.88,-19.00,101.00,-27.00,-4.82,-6.62,-14.88,16.00,-110.00,-33.00
-6.38,-12.47,-12.04,-26.00,115.00,66.00,-3.70,-4.50,-8.48,49.00,-104.00,5.00
-11.66,-9.49,-17.92,88.00,70.00,131.00,-3.02,-1.83,-3.80,73.00,-86.00,17.00
-8.44,6.33,-17.69,18.00,-33.00,131.00,-2.47,0.46,0.07,65.00,-53.00,33.00
-5.61,14.20,-8.24,-64.00,-101.00,65.00,-1.77,3.28,2.10,48.00,-9.00,46.00
-2.03,5.89,-8.36,-66.00,-82.00,-35.00,-2.79,7.13,1.46,42.00,58.00,15.00
-1.39,3.73,-2.75,-77.00,-49.00,-59.00,-6.39,9.52,-3.54,26.00,131.00,-16.00
-2.18,0.69,0.76,-78.00,-16.00,-57.00,-9.62,9.70,-9.71,-42.00,131.00,-55.00
-3.31,-2.32,1.21,-81.00,33.00,-37.00,-11.85,6.84,-15.11,-46.00,100.00,-107.00
-3.41,-4.49,-0.29,-61.00,73.00,0.00,-8.96,-3.70,-21.28,-5.00,-48.00,-101.00
-6.23,-6.69,-7.85,-23.00,131.00,54.00,-3.90,-8.01,-11.84,20.00,-126.00,-25.00
-13.34,-8.49,-22.73,84.00,106.00,95.00,-2.59,-3.60,-5.03,42.00,-94.00,21.00
-9.89,2.10,-17.05,99.00,22.00,131.00,-2.05,-0.28,-1.64,50.00,-72.00,34.00
-5.20,10.67,-11.94,-35.00,-76.00,112.00,-2.46,1.64,1.40,66.00,-35.00,30.00
-2.97,7.14,-8.47,-78.00,-74.00,-19.00,-1.71,4.87,3.34,60.00,-6.00,14.00
-0.81,3.97,-3.76,-81.00,-61.00,-55.00,-3.38,7.46,1.39,28.00,54.00,-15.00
-2.57,0.19,-0.52,-74.00,-17.00,-57.00,-6.79,12.60,-5.94,-14.00,128.00,-19.00
-3.85,-2.58,0.21,-73.00,28.00,-43.00,-10.70,10.33,-9.88,-66.00,114.00,-58.00
-4.11,-5.88,-1.03,-56.00,85.00,-21.00,-13.99,0.36,-16.25,-67.00,13.00,-131.00
-5.34,-6.85,-8.45,-21.00,126.00,31.00,-11.26,-7.06,-16.12,-12.00,-83.00,-62.00
-9.04,-9.61,-17.59,64.00,84.00,73.00,-4.80,-4.88,-10.12,25.00,-104.00,-16.00
-7.47,-1.28,-16.80,81.00,15.00,131.00,-2.41,-2.88,-4.08,55.00,-83.00,13.00
-7.56,8.79,-14.86,-3.00,-82.00,131.00,-2.84,-0.67,-0.07,62.00,-54.00,28.00
-3.38,6.92,-9.41,-71.00,-72.00,19.00,-2.58,2.20,2.47,73.00,-29.00,23.00
-3.11,4.98,-4.12,-121.00,-71.00,-7.00,-3.09,5.09,3.60,73.00,28.00,-13.00
-0.60,3.27,-0.61,-83.00,-25.00,-56.00,-5.51,8.47,-1.71,31.00,121.00,-6.00
-1.87,-1.18,1.24,-75.00,6.00,-52.00,-10.37,12.36,-7.34,-44.00,131.00,0.00
-1.94,-3.92,1.01,-76.00,51.00,-26.00,-9.65,8.71,-13.96,-77.00,131.00,-103.00
-3.03,-6.27,-2.74,-42.00,113.00,16.00,-12.28,-7.02,-18.88,-14.00,-29.00,-109.00
-5.07,-9.98,-14.75,30.00,131.00,70.00,-5.01,-3.57,-13.27,4.00,-90.00,3.00
-13.99,-9.02,-20.36,104.00,61.00,99.00,-2.73,-2.27,-7.09,48.00,-105.00,1.00
-6.39,4.22,-19.62,52.00,-41.00,131.00,-1.63,-1.20,-1.41,53.00,-78.00,21.00
-2.43,11.28,-9.91,-89.00,-98.00,77.00,-2.25,0.47,2.16,59.00,-37.00,23.00
-1.59,5.79,-7.06,-87.00,-51.00,-6.00,-2.65,2.59,3.74,68.00,5.00,28.00
-0.95,4.48,-2.10,-93.00,-21.00,-53.00,-2.26,7.93,0.81,67.00,58.00,23.00
-2.97,1.18,-0.24,-66.00,-1.00,-61.00,-4.83,12.11,-4.15,18.00,131.00,-5.00
-5.18,-1.70,0.57,-48.00,25.00,-41.00,-8.97,10.73,-12.87,-42.00,131.00,-44.00
-5.94,-3.19,-0.77,-39.00,56.00,-27.00,-10.58,4.20,-18.32,-29.00,25.00,-131.00
-5.18,-6.91,-7.30,-66.00,79.00,18.00,-6.29,-5.42,-17.77,14.00,-75.00,-101.00
-9.97,-6.36,-10.61,21.00,86.00,51.00,-1.46,-4.91,-9.86,30.00,-101.00,-11.00
-10.98,-5.22,-14.65,103.00,69.00,126.00,-1.90,-3.57,-3.28,42.00,-94.00,14.00
-10.96,7.81,-14.68,60.00,-21.00,131.00,-2.08,-1.14,-0.83,40.00,-58.00,45.00
-7.28,7.64,-11.40,-36.00,-81.00,53.00,-2.39,1.58,2.18,54.00,-35.00,46.00
-2.94,5.86,-6.98,-81.00,-85.00,-6.00,-0.61,3.70,1.82,58.00,2.00,38.00
-2.26,4.89,-2.17,-80.00,-39.00,-36.00,-2.05,9.31,-0.69,58.00,76.00,3.00
-3.67,2.00,0.36,-71.00,-13.00,-48.00,-5.22,13.44,-4.79,8.00,131.00,-8.00
-3.57,-1.43,0.14,-54.00,15.00,-42.00,-6.56,13.21,-14.75,-28.00,131.00,-36.00
-3.58,-1.88,0.49,-41.00,50.00,-19.00,-9.46,0.13,-22.54,8.00,15.00,-131.00
-4.45,-7.08,-6.27,-1.00,131.00,0.00,-3.93,-5.87,-17.27,15.00,-114.00,-75.00
-9.53,-8.65,-16.59,52.00,128.00,109.00,-1.80,-3.46,-7.78,35.00,-113.00,-14.00
-11.29,1.76,-17.42,100.00,9.00,117.00,-2.08,-2.61,-2.44,42.00,-85.00,18.00
-6.85,8.00,-12.73,25.00,-70.00,120.00,-2.72,-0.98,0.53,37.00,-50.00,40.00
-4.42,8.74,-8.61,-48.00,-85.00,17.00,-3.53,1.52,2.66,47.00,-26.00,40.00
-4.67,5.89,-5.89,-90.00,-82.00,8.00,-3.65,4.35,2.54,58.00,8.00,26.00
-3.34,7.08,-1.78,-94.00,-39.00,-35.00,-3.60,9.03,-0.47,54.00,69.00,2.00
-3.49,3.82,-0.55,-60.00,-3.00,-59.00,-6.38,10.56,-4.43,19.00,101.00,-2.00
-4.06,-1.63,-0.38,-59.00,18.00,-58.00,-8.55,10.84,-9.92,-40.00,101.00,-60.00
-3.72,-2.47,-0.14,-67.00,52.00,-33.00,-11.70,1.53,-15.82,-30.00,43.00,-128.00
-3.80,-6.69,-3.75,-40.00,124.00,-6.00,-10.40,-5.39,-13.96,-3.00,-76.00,-86.00
-3.85,-10.28,-12.69,-3.00,131.00,53.00,-5.30,-3.67,-9.62,28.00,-88.00,-32.00
-6.88,-6.26,-19.10,75.00,80.00,115.00,-3.25,-3.65,-4.45,27.00,-78.00,15.00
-5.27,1.59,-18.28,52.00,-22.00,131.00,-3.40,-1.72,-0.32,51.00,-67.00,23.00
-4.57,8.40,-12.24,-30.00,-69.00,122.00,-3.54,0.58,1.86,47.00,-40.00,35.00
-4.80,6.80,-9.55,-72.00,-87.00,22.00,-3.10,3.32,3.08,67.00,-9.00,17.00
-1.63,8.39,-7.09,-110.00,-79.00,-42.00,-4.48,6.68,0.70,61.00,73.00,-10.00
-1.14,1.54,-3.28,-103.00,-68.00,-94.00,-5.75,9.58,-5.72,6.00,129.00,-25.00
-1.50,-2.00,1.29,-117.00,-41.00,-58.00,-8.61,6.25,-10.29,-39.00,94.00,-92.00
-0.65,-7.17,2.33,-103.00,34.00,-33.00,-11.27,1.32,-16.30,-65.00,48.00,-112.00
0.86,-9.21,-1.64,-62.00,131.00,-19.00,-10.32,-6.65,-13.90,-22.00,-57.00,-86.00
-3.95,-17.02,-12.23,-35.00,131.00,59.00,-6.36,-4.80,-10.89,0.00,-84.00,-21.00
-5.15,-5.14,-12.31,-12.00,131.00,131.00,-4.97,-3.91,-6.47,53.00,-79.00,-14.00
-1.29,11.58,-10.98,-69.00,46.00,61.00,-3.66,-4.49,-3.31,60.00,-71.00,18.00
3.54,1.30,-13.51,-9.00,36.00,-19.00,-3.22,-1.94,0.22,63.00,-42.00,39.00
1.94,2.03,-10.48,1.00,33.00,-1.00,-3.22,1.49,1.81,68.00,-10.00,39.00
-0.65,2.45,-12.84,24.00,-20.00,4.00,-2.87,3.52,1.33,65.00,42.00,23.00
