9.78,0.98,-2.86,-1.00,0.00,0.00,
9.83,0.65,-2.64,3.00,-2.00,-1.00,
9.71,0.37,-2.76,-1.00,-1.00,-2.00,
9.74,0.57,-2.73,-5.00,0.00,0.00,
9.78,0.67,-2.69,-2.00,0.00,-1.00,
9.70,0.63,-2.67,-8.00,0.00,0.00,
9.70,0.84,-2.68,-11.00,0.00,0.00,
9.69,0.85,-2.64,-10.00,0.00,0.00,
9.80,0.99,-2.66,-6.00,0.00,0.00,
9.74,1.09,-2.45,-3.00,0.00,0.00,
9.78,0.97,-2.46,0.00,0.00,-1.00,
9.87,0.92,-2.86,-2.00,0.00,0.00,
9.77,0.89,-2.33,2.00,-2.00,-1.00,
9.76,0.80,-2.26,9.00,0.00,-1.00,
9.73,0.73,-2.69,-4.00,0.00,0.00,
9.82,1.09,-2.45,1.00,-1.00,0.00,
9.74,0.72,-2.38,1.00,0.00,-2.00,
9.84,0.75,-2.49,-4.00,0.00,0.00,
9.86,0.90,-2.55,-4.00,0.00,0.00,
9.81,0.85,-2.59,-1.00,0.00,0.00,
9.72,0.80,-2.47,-2.00,0.00,0.00,
9.66,0.84,-2.54,-1.00,0.00,0.00,
9.79,0.88,-2.40,-1.00,0.00,0.00,
9.79,0.85,-2.45,-2.00,0.00,0.00,
9.78,0.79,-2.49,-3.00,-1.00,0.00,
9.81,0.74,-2.48,-2.00,0.00,0.00,
9.77,0.76,-2.39,-2.00,0.00,0.00,
9.78,0.87,-2.39,-1.00,0.00,0.00,
9.83,0.84,-2.44,-1.00,0.00,0.00,
9.64,0.78,-2.43,-2.00,0.00,0.00,
9.78,0.91,-2.36,1.00,0.00,0.00,
9.80,0.81,-2.40,0.00,0.00,0.00,
9.80,0.81,-2.48,0.00,0.00,-1.00,
9.80,0.70,-2.40,0.00,0.00,-1.00,
9.87,0.75,-2.43,0.00,0.00,0.00,
9.81,0.84,-2.33,-1.00,0.00,0.00,
9.73,0.79,-2.42,-1.00,0.00,0.00,
9.83,0.84,-2.33,-2.00,0.00,0.00,
9.81,0.76,-2.33,-2.00,0.00,0.00,
9.81,0.88,-2.37,-2.00,0.00,0.00,
9.79,0.77,-2.32,-2.00,0.00,0.00,
10.02,1.22,-2.49,0.00,0.00,-1.00,
9.73,0.78,-2.51,-1.00,-2.00,-3.00,
9.74,0.71,-2.22,0.00,0.00,0.00,
9.83,0.97,-2.55,-5.00,0.00,1.00,
9.89,1.55,-2.59,0.00,0.00,-2.00,
10.91,1.98,-5.74,-22.00,-19.00,-22.00,
11.51,6.43,-4.15,-8.00,-27.00,-91.00,
11.20,8.97,-4.56,-9.00,-8.00,-127.00,
6.22,9.37,-2.49,2.00,18.00,-112.00,
2.28,3.90,-2.56,53.00,11.00,-74.00,
1.80,4.96,-3.07,6.00,-4.00,-32.00,
-0.50,8.15,-1.92,1.00,-8.00,-37.00,
-0.20,8.62,-5.02,36.00,-95.00,-56.00,
-8.80,5.25,-4.05,26.00,-87.00,-37.00,
-11.18,4.20,-8.82,17.00,-27.00,-33.00,
-8.24,4.89,-6.24,7.00,38.00,-42.00,
-4.56,2.73,-2.75,59.00,106.00,-47.00,
-2.84,0.66,-2.02,-29.00,131.00,6.00,
-0.43,1.24,-5.55,-36.00,48.00,3.00,
-3.62,7.18,-7.87,31.00,-68.00,1.00,
-4.08,-3.09,-17.00,16.00,-73.00,13.00,
-5.86,0.26,-14.00,26.00,-82.00,-1.00,
-7.26,1.42,-8.03,-17.00,1.00,-13.00,
-3.95,2.31,-3.20,3.00,131.00,-28.00,
0.76,-2.58,-4.11,-25.00,131.00,3.00,
2.99,-0.48,-7.67,-73.00,18.00,-49.00,
-1.36,4.06,-9.36,-52.00,-131.00,-33.00,
-5.73,-1.39,-15.81,131.00,-131.00,27.00,
-8.53,-0.14,-10.16,52.00,-92.00,-17.00,
-7.53,1.28,-5.38,-22.00,34.00,-2.00,
-5.42,1.54,-2.18,-19.00,131.00,-7.00,
1.36,2.50,-3.40,-39.00,131.00,13.00,
7.59,2.02,-7.39,-39.00,28.00,-45.00,
3.14,1.91,-9.86,-44.00,-80.00,-49.00,
-2.51,5.80,-11.47,51.00,-131.00,3.00,
-8.19,-4.36,-13.68,75.00,-125.00,-16.00,
-7.61,1.79,-6.41,-9.00,39.00,-17.00,
-6.32,0.33,-1.21,-46.00,131.00,-12.00,
-1.02,1.92,-3.13,-9.00,131.00,35.00,
5.90,-0.11,-6.98,-56.00,28.00,-16.00,
0.68,3.81,-8.36,-75.00,-131.00,-36.00,
-6.61,7.91,-11.81,113.00,-131.00,-23.00,
-11.51,0.23,-11.98,-10.00,-109.00,-18.00,
-9.07,0.91,-7.62,5.00,51.00,-37.00,
-3.80,-0.48,-1.37,-19.00,131.00,17.00,
3.34,0.19,-3.02,-25.00,131.00,-1.00,
7.31,1.19,-7.10,-103.00,-23.00,-58.00,
-1.29,8.58,-8.57,16.00,-131.00,-28.00,
-7.32,2.45,-12.18,131.00,-131.00,7.00,
-9.91,-1.41,-12.01,42.00,-125.00,-19.00,
-8.04,2.83,-2.54,24.00,68.00,-43.00,
-4.53,-2.22,-4.59,-45.00,131.00,-24.00,
1.64,-0.36,-2.14,-21.00,131.00,-37.00,
9.25,1.34,-4.87,-89.00,6.00,-64.00,
0.99,5.88,-11.77,12.00,-131.00,-8.00,
-1.70,-4.58,-15.91,76.00,-131.00,37.00,
-7.69,-1.42,-11.37,56.00,-79.00,2.00,
-7.12,0.64,-6.30,17.00,86.00,-38.00,
-0.08,-0.63,-2.58,-21.00,131.00,-18.00,
3.38,0.68,-2.78,-27.00,131.00,-74.00,
5.60,3.27,-8.70,-48.00,-42.00,-41.00,
-0.43,2.98,-13.27,71.00,-131.00,79.00,
-4.85,-5.57,-12.67,-8.00,-131.00,33.00,
-8.39,0.82,-8.23,22.00,-34.00,-35.00,
-5.22,0.28,-5.88,-28.00,131.00,-37.00,
-0.11,0.90,-2.51,-25.00,131.00,-16.00,
7.73,-0.44,-6.66,-51.00,42.00,-61.00,
2.30,1.94,-9.90,-46.00,-78.00,-16.00,
-1.08,0.36,-13.04,10.00,-131.00,59.00,
-9.30,-2.94,-13.40,72.00,-131.00,10.00,
-8.55,1.33,-4.75,-21.00,21.00,-38.00,
-5.48,-2.97,-4.51,-40.00,131.00,-43.00,
-0.53,0.43,0.15,-28.00,131.00,-1.00,
10.61,1.25,-7.65,-60.00,28.00,-66.00,
2.92,5.54,-8.36,-27.00,-131.00,-15.00,
-3.21,1.42,-11.76,123.00,-131.00,55.00,
-7.66,-1.45,-13.34,-3.00,-131.00,7.00,
-9.99,0.69,-5.14,-17.00,-15.00,-38.00,
-4.85,-0.04,-3.02,1.00,131.00,-44.00,
1.16,-1.77,-4.57,-28.00,131.00,-11.00,
5.08,-1.27,-9.35,-52.00,25.00,-45.00,
1.73,4.41,-10.35,-26.00,-116.00,-14.00,
-2.72,2.08,-11.32,34.00,-131.00,20.00,
-7.53,-1.76,-13.12,39.00,-131.00,13.00,
-8.35,0.26,-7.68,-17.00,-33.00,-13.00,
-7.08,-1.02,-4.49,36.00,110.00,-56.00,
-2.18,0.11,-5.68,-14.00,131.00,-19.00,
2.64,-1.75,-5.35,-52.00,131.00,0.00,
3.99,0.41,-9.30,-72.00,-2.00,-30.00,
0.18,5.62,-9.45,-27.00,-118.00,-29.00,
-1.68,3.94,-11.71,95.00,-131.00,28.00,
-3.93,-3.20,-13.24,0.00,-131.00,6.00,
-8.03,1.57,-6.73,-6.00,-40.00,-14.00,
-4.71,-0.23,-4.12,8.00,131.00,-31.00,
0.01,-0.59,-4.03,-37.00,131.00,2.00,
3.99,1.18,-7.56,-28.00,46.00,-39.00,
2.74,4.17,-9.20,-23.00,-40.00,-18.00,
0.03,0.69,-13.44,112.00,-89.00,55.00,
-3.19,-6.70,-12.66,23.00,-131.00,44.00,
-7.35,-3.58,-10.61,7.00,-82.00,11.00,
-6.74,-0.78,-5.73,15.00,48.00,-25.00,
-5.34,-2.66,-7.67,-11.00,78.00,-31.00,
-0.35,0.43,-5.02,-16.00,131.00,-14.00,
4.85,-1.92,-7.54,-17.00,54.00,-17.00,
2.53,0.72,-7.65,-73.00,-45.00,-33.00,
-3.00,2.25,-10.49,-36.00,-96.00,-8.00,
-4.77,1.17,-12.88,49.00,-131.00,35.00,
-9.53,0.51,-10.45,19.00,-63.00,-8.00,
-6.40,1.41,-4.34,13.00,54.00,-27.00,
-3.04,-0.25,-7.06,24.00,131.00,-29.00,
-1.81,0.37,-5.53,-18.00,131.00,-6.00,
4.89,0.92,-7.67,-51.00,131.00,-62.00,
5.47,5.45,-7.76,-28.00,-61.00,-24.00,
-0.83,3.24,-10.45,-7.00,-131.00,6.00,
-7.81,3.40,-11.20,112.00,-131.00,32.00,
-7.39,4.41,-7.73,-5.00,-22.00,-29.00,
-5.22,1.81,-5.64,48.00,131.00,-79.00,
-1.65,-0.26,-3.79,-23.00,131.00,-32.00,
4.52,-0.55,-7.16,-43.00,97.00,-43.00,
3.92,1.65,-8.80,-37.00,-68.00,-6.00,
-0.73,2.97,-12.23,-14.00,-131.00,28.00,
-6.84,-2.36,-15.83,81.00,-131.00,17.00,
-6.98,2.12,-9.12,11.00,-6.00,-26.00,
-4.50,0.26,-6.90,-2.00,112.00,-44.00,
-2.34,1.81,-3.70,-17.00,130.00,-32.00,
4.40,-0.17,-7.71,-26.00,72.00,0.00,
2.27,0.52,-7.98,-47.00,-67.00,1.00,
-3.65,1.98,-9.46,-69.00,-131.00,5.00,
-10.14,4.18,-12.81,17.00,-131.00,-20.00,
-10.22,3.56,-7.19,11.00,-51.00,-33.00,
-7.44,2.68,-2.27,34.00,77.00,-49.00,
-4.01,1.14,-5.15,4.00,131.00,-22.00,
-0.72,-0.22,-3.26,-36.00,131.00,36.00,
5.04,-3.99,-10.20,-13.00,-11.00,-4.00,
-3.25,1.57,-7.72,-41.00,-92.00,-10.00,
-3.46,-2.78,-17.29,-12.00,-131.00,15.00,
-7.47,1.19,-10.59,-13.00,-86.00,12.00,
-7.11,1.75,-4.87,34.00,30.00,-34.00,
-3.91,-1.32,-6.44,-24.00,93.00,-11.00,
-0.54,0.40,-3.84,-27.00,131.00,12.00,
5.84,-0.96,-8.33,-24.00,29.00,-18.00,
1.72,3.39,-8.05,-52.00,-98.00,-22.00,
-4.70,6.23,-10.02,29.00,-131.00,-8.00,
-8.39,-0.06,-13.00,100.00,-131.00,-7.00,
-10.25,2.44,-8.16,2.00,-29.00,-34.00,
-6.81,1.43,-1.79,-12.00,131.00,-36.00,
0.34,2.28,-1.94,-11.00,131.00,5.00,
5.67,0.27,-7.30,-47.00,29.00,-25.00,
-2.07,4.26,-7.33,-80.00,-91.00,-57.00,
-5.05,5.83,-10.22,-1.00,-131.00,-21.00,
-8.21,0.34,-12.45,118.00,-121.00,-14.00,
-7.95,3.23,-5.64,30.00,22.00,-28.00,
-5.40,-1.52,-6.66,-21.00,122.00,-17.00,
-2.00,-0.16,-3.20,-43.00,131.00,15.00,
4.37,1.84,-6.31,-61.00,54.00,-15.00,
1.80,5.66,-9.18,-85.00,-83.00,-44.00,
-2.10,6.75,-12.66,84.00,-126.00,-16.00,
-5.82,-0.12,-13.77,51.00,-131.00,-7.00,
-8.24,2.22,-7.48,25.00,-55.00,-22.00,
-7.16,0.51,-4.64,-10.00,87.00,-20.00,
-3.67,-0.34,-4.85,12.00,131.00,10.00,
2.05,0.13,-2.63,-12.00,131.00,8.00,
5.67,0.25,-5.39,-90.00,5.00,-52.00,
1.17,6.48,-10.56,-43.00,-90.00,-36.00,
-2.37,5.86,-12.18,131.00,-131.00,32.00,
-5.82,0.85,-11.01,3.00,-118.00,15.00,
-6.77,1.55,-7.04,-11.00,24.00,-29.00,
-2.95,-0.01,-5.90,0.00,125.00,-37.00,
1.59,0.28,-4.01,7.00,131.00,4.00,
5.55,1.14,-7.31,-50.00,43.00,-42.00,
2.62,2.00,-7.78,-65.00,-68.00,-38.00,
-2.73,7.94,-11.78,-15.00,-127.00,-21.00,
-5.92,-4.39,-18.28,103.00,-118.00,-18.00,
-6.80,2.09,-7.85,-40.00,-7.00,-35.00,
-4.15,1.17,-4.16,-8.00,131.00,-9.00,
3.80,0.18,-3.53,26.00,131.00,2.00,
4.21,0.05,-5.13,-47.00,-31.00,-42.00,
1.78,5.19,-7.87,-57.00,-123.00,-28.00,
-5.30,4.56,-10.67,57.00,-131.00,17.00,
-8.19,1.05,-12.91,73.00,-48.00,-8.00,
-7.49,-0.62,-9.53,23.00,22.00,-26.00,
-5.03,-1.63,-4.85,24.00,95.00,-6.00,
-0.02,-3.28,-5.55,-30.00,131.00,-3.00,
3.81,-2.02,-6.70,-40.00,54.00,-51.00,
3.54,1.46,-7.61,-73.00,-21.00,-48.00,
0.89,7.89,-11.86,-4.00,-131.00,-29.00,
-10.15,5.04,-15.30,54.00,-131.00,35.00,
-7.66,-7.25,-13.92,97.00,-67.00,-4.00,
-6.71,-0.01,-6.99,-14.00,44.00,-50.00,
-3.94,0.98,-2.94,-59.00,131.00,-9.00,
3.12,1.54,-3.26,-31.00,131.00,-4.00,
7.09,-1.05,-6.32,-52.00,-29.00,-30.00,
-0.61,7.57,-7.67,-61.00,-112.00,-40.00,
-4.21,2.12,-11.79,115.00,-131.00,-10.00,
-7.39,0.61,-11.58,86.00,-109.00,-12.00,
-8.30,1.03,-8.00,1.00,-51.00,-14.00,
-8.28,-1.21,-5.55,3.00,43.00,-10.00,
-5.22,-0.81,-6.35,-31.00,94.00,-9.00,
0.07,2.29,-3.02,7.00,131.00,36.00,
3.92,-1.55,-8.29,-36.00,24.00,-15.00,
-0.94,3.92,-8.14,-68.00,-89.00,-46.00,
-6.00,5.83,-9.87,-37.00,-126.00,-33.00,
-7.45,0.97,-13.73,120.00,-118.00,-1.00,
-7.45,1.11,-8.29,24.00,-14.00,-17.00,
-5.96,0.03,-6.32,0.00,92.00,-25.00,
-1.28,-0.31,-6.54,21.00,131.00,8.00,
1.89,0.96,-3.84,-23.00,131.00,1.00,
5.88,-1.36,-5.94,-55.00,14.00,-39.00,
0.11,5.14,-8.96,-39.00,-91.00,-29.00,
-3.31,5.06,-12.53,54.00,-131.00,-3.00,
-7.98,0.04,-15.87,35.00,-114.00,-7.00,
-7.73,1.14,-7.04,-5.00,-55.00,-16.00,
-7.08,0.80,-3.75,-8.00,131.00,-18.00,
-1.71,1.22,-2.39,15.00,131.00,19.00,
5.19,-0.77,-7.07,-13.00,88.00,-8.00,
3.59,2.93,-7.93,-47.00,-24.00,-32.00,
-1.51,3.15,-10.67,-20.00,-131.00,-37.00,
-6.48,0.03,-14.66,123.00,-131.00,19.00,
-8.34,2.68,-9.28,0.00,-74.00,-17.00,
-7.74,0.69,-4.68,-52.00,13.00,-19.00,
-7.48,0.89,-3.35,-52.00,131.00,-3.00,
1.64,1.43,-2.56,10.00,131.00,34.00,
4.11,-0.28,-5.66,-22.00,85.00,11.00,
5.46,2.57,-7.42,-54.00,-33.00,-25.00,
-0.13,4.05,-11.15,-10.00,-131.00,0.00,
-5.59,-0.93,-18.02,56.00,-131.00,-2.00,
-6.99,2.96,-8.57,40.00,-104.00,-27.00,
-7.98,1.63,-5.66,14.00,23.00,-41.00,
-7.35,-1.74,-3.70,22.00,120.00,-5.00,
1.30,-0.27,-5.56,10.00,131.00,16.00,
5.24,-1.62,-6.81,-44.00,59.00,-37.00,
4.92,2.12,-6.77,-82.00,-34.00,-45.00,
-0.46,4.80,-9.97,-34.00,-118.00,-22.00,
-5.62,7.73,-8.32,51.00,-131.00,-15.00,
-5.05,-1.83,-13.29,56.00,-76.00,-10.00,
-6.24,0.71,-6.72,6.00,-75.00,-9.00,
-9.52,-0.37,-4.93,16.00,60.00,-8.00,
-3.41,-0.27,-2.49,1.00,131.00,23.00,
2.39,0.94,-5.40,-24.00,131.00,-34.00,
6.07,2.98,-6.15,-59.00,-25.00,-41.00,
-2.23,5.40,-8.43,-61.00,-131.00,-40.00,
-6.69,5.22,-12.61,43.00,-131.00,-31.00,
-9.10,2.26,-10.78,-28.00,-120.00,-41.00,
-9.23,3.09,-4.62,-11.00,9.00,-31.00,
-7.50,1.87,-3.03,37.00,103.00,-10.00,
-2.19,0.97,-2.54,10.00,131.00,32.00,
2.91,0.72,-2.77,9.00,131.00,38.00,
10.27,1.44,-6.54,-45.00,1.00,-39.00,
0.44,4.83,-6.83,-34.00,-131.00,-25.00,
-8.56,9.26,-6.91,100.00,-131.00,-3.00,
-8.17,-4.80,-15.26,-39.00,-125.00,-10.00,
-8.87,1.15,-11.37,-19.00,-65.00,-12.00,
-9.59,0.08,-2.73,-10.00,73.00,-16.00,
-4.62,0.59,-0.84,-25.00,131.00,7.00,
2.62,1.68,-1.92,9.00,131.00,30.00,
8.45,0.01,-7.65,-50.00,29.00,-43.00,
1.12,3.90,-8.73,0.00,-130.00,-8.00,
-4.54,3.10,-11.28,50.00,-131.00,19.00,
-7.43,-0.97,-16.10,17.00,-131.00,-8.00,
-6.64,2.28,-4.56,-15.00,-37.00,-21.00,
-6.24,-0.47,-3.89,10.00,131.00,-25.00,
-1.40,1.03,-2.91,-6.00,131.00,20.00,
2.98,0.34,-5.00,-4.00,131.00,-6.00,
6.97,0.88,-7.88,-68.00,-76.00,-20.00,
-5.02,3.75,-7.55,-81.00,-131.00,-41.00,
-7.13,10.07,-11.58,36.00,-131.00,-6.00,
-10.42,3.13,-10.97,25.00,-84.00,-47.00,
-7.36,1.96,-4.10,46.00,24.00,-43.00,
-6.46,-0.12,-0.50,27.00,131.00,0.00,
2.93,-2.28,-6.61,16.00,131.00,7.00,
4.23,-0.76,-7.94,-66.00,35.00,-22.00,
2.17,4.05,-9.00,-86.00,-90.00,-22.00,
-3.36,5.87,-9.85,-52.00,-131.00,-61.00,
-10.60,5.70,-11.05,97.00,-113.00,-38.00,
-8.37,5.74,-5.97,16.00,15.00,-48.00,
-6.75,0.93,-4.84,42.00,131.00,-13.00,
-1.52,-0.87,-6.11,-4.00,131.00,1.00,
2.14,-0.25,-6.17,-40.00,106.00,-29.00,
8.14,2.18,-8.06,-27.00,2.00,-14.00,
-2.86,2.11,-8.08,14.00,-68.00,23.00,
-0.46,-2.40,-15.38,37.00,-131.00,68.00,
-5.70,-1.23,-14.13,47.00,-112.00,-17.00,
-6.30,-0.83,-8.52,-28.00,12.00,-31.00,
-5.27,-0.77,-4.97,-11.00,104.00,-27.00,
-0.34,-0.65,-2.23,-28.00,131.00,-9.00,
9.51,0.04,-6.94,-60.00,23.00,-53.00,
2.90,2.31,-8.83,-58.00,-103.00,-17.00,
-2.89,6.45,-10.37,47.00,-131.00,19.00,
-4.65,-1.15,-14.04,36.00,-131.00,18.00,
-8.17,1.45,-7.92,-29.00,-101.00,0.00,
-8.24,0.42,-4.51,-13.00,24.00,-29.00,
-6.79,-1.10,-4.43,-13.00,131.00,-7.00,
-1.10,-0.28,-2.15,-14.00,131.00,12.00,
5.53,0.62,-7.34,-42.00,41.00,-35.00,
0.98,4.94,-8.34,-54.00,-131.00,-35.00,
-5.35,6.51,-9.14,96.00,-131.00,-25.00,
-9.86,-1.43,-11.86,20.00,-131.00,-9.00,
-10.87,0.79,-6.23,-45.00,-46.00,0.00,
-8.75,2.34,-2.76,26.00,79.00,-16.00,
-4.23,0.21,-5.55,21.00,131.00,19.00,
0.91,1.63,-3.96,-15.00,131.00,1.00,
4.03,0.47,-9.81,-52.00,-37.00,1.00,
-3.43,2.30,-8.72,-37.00,-131.00,-10.00,
-7.40,6.97,-7.66,71.00,-131.00,-19.00,
-8.77,1.89,-10.03,-34.00,-47.00,-14.00,
-7.35,1.42,-5.18,9.00,82.00,-24.00,
-4.45,0.92,-6.64,7.00,129.00,11.00,
0.63,1.54,-4.00,-6.00,131.00,5.00,
4.89,1.32,-7.75,-48.00,-4.00,-23.00,
-2.14,4.89,-8.22,-16.00,-126.00,11.00,
-4.00,1.22,-12.34,-6.00,-131.00,2.00,
-8.77,1.07,-9.76,-2.00,-95.00,-20.00,
-9.46,1.95,-7.96,-5.00,3.00,-30.00,
-6.27,1.99,-4.26,35.00,128.00,-26.00,
-0.80,-1.07,-3.12,11.00,131.00,-2.00,
4.34,0.42,-5.79,-23.00,127.00,-46.00,
5.21,2.03,-7.54,-40.00,-43.00,1.00,
-0.57,2.13,-11.11,-31.00,-131.00,6.00,
-5.63,1.54,-11.75,29.00,-131.00,14.00,
-7.95,0.61,-14.48,-20.00,-43.00,-16.00,
-4.63,1.60,-6.16,12.00,81.00,-39.00,
-2.71,-0.48,-3.35,21.00,131.00,1.00,
3.14,-0.45,-5.70,-9.00,105.00,-14.00,
5.07,-0.95,-8.78,-55.00,-64.00,-13.00,
-0.01,6.40,-10.15,-41.00,-65.00,-2.00,
-3.52,2.01,-11.38,19.00,-131.00,34.00,
-8.89,-1.42,-11.14,-49.00,-131.00,-13.00,
-8.81,1.68,-4.98,6.00,29.00,-35.00,
-4.60,1.22,-6.27,-2.00,131.00,-34.00,
-0.58,-1.82,-5.05,1.00,131.00,-10.00,
4.96,-0.20,-8.89,-35.00,53.00,-56.00,
0.81,4.71,-8.10,-80.00,-97.00,-35.00,
-4.68,7.06,-11.13,59.00,-131.00,0.00,
-6.61,-3.73,-14.75,46.00,-131.00,-1.00,
-8.52,1.13,-7.73,-4.00,-23.00,-28.00,
-6.57,1.19,-3.40,-12.00,129.00,-17.00,
-0.69,0.17,-5.85,29.00,131.00,12.00,
1.43,-0.55,-4.86,-42.00,127.00,-12.00,
1.88,3.48,-9.03,-77.00,-81.00,-22.00,
-3.16,7.50,-9.38,28.00,-131.00,-3.00,
-6.95,-1.08,-14.54,39.00,-131.00,22.00,
-10.23,1.28,-7.97,-20.00,-55.00,-26.00,
-7.54,-1.34,-5.19,11.00,99.00,-44.00,
-3.19,1.47,-2.51,-11.00,131.00,9.00,
0.44,-0.29,-3.85,-15.00,131.00,-14.00,
6.15,-0.06,-6.88,-59.00,-32.00,-26.00,
-2.69,6.09,-9.12,-39.00,-131.00,-15.00,
-6.91,-2.54,-14.67,131.00,-131.00,36.00,
-9.93,-0.63,-12.90,-27.00,-89.00,-16.00,
-7.03,2.07,-3.87,-19.00,90.00,-40.00,
-2.79,1.71,-3.41,-7.00,131.00,-10.00,
0.34,0.07,-2.87,-16.00,131.00,-14.00,
7.93,0.99,-6.05,-56.00,3.00,-30.00,
-1.18,3.06,-9.62,-98.00,-131.00,-58.00,
-6.50,8.39,-7.43,66.00,-131.00,-4.00,
-7.77,-4.46,-15.45,66.00,-113.00,-10.00,
-8.44,1.03,-5.80,-56.00,-31.00,-15.00,
-7.52,1.56,-1.33,-10.00,131.00,-26.00,
-0.52,1.24,-2.06,20.00,131.00,39.00,
4.50,-1.29,-6.78,-3.00,102.00,-16.00,
6.86,3.42,-8.48,-56.00,-28.00,-34.00,
-0.65,8.00,-6.88,47.00,-131.00,-23.00,
-3.77,3.96,-9.46,56.00,-131.00,7.00,
-8.80,-3.74,-15.72,14.00,-78.00,-15.00,
-8.88,2.71,-2.44,13.00,39.00,-40.00,
-4.42,-2.08,-5.09,-57.00,131.00,0.00,
2.08,-0.37,-3.18,10.00,131.00,5.00,
7.02,-1.10,-5.83,-48.00,-7.00,-28.00,
-0.93,2.31,-8.67,-69.00,-99.00,-29.00,
-6.57,8.61,-14.13,34.00,-131.00,2.00,
-5.82,-3.74,-17.24,58.00,-62.00,-17.00,
-6.80,2.45,-4.58,-20.00,43.00,-33.00,
-2.67,0.79,-3.42,-3.00,131.00,-3.00,
0.43,-1.51,-2.99,5.00,131.00,15.00,
7.80,0.89,-6.22,-60.00,-5.00,-14.00,
-0.51,4.93,-6.19,-29.00,-129.00,-8.00,
-1.86,2.10,-13.11,115.00,-131.00,17.00,
-7.84,-2.01,-16.36,28.00,-113.00,-7.00,
-6.89,1.31,-4.34,-29.00,19.00,-34.00,
-3.41,-0.65,-5.81,6.00,131.00,-2.00,
0.81,-0.88,-3.67,8.00,131.00,19.00,
7.05,-2.00,-10.95,-45.00,-12.00,-37.00,
0.62,3.89,-8.85,-50.00,-109.00,-26.00,
-5.33,4.97,-8.25,4.00,-131.00,5.00,
-7.89,-4.72,-15.94,87.00,-124.00,-8.00,
-8.33,3.51,-6.50,-9.00,21.00,-26.00,
-6.02,0.05,-3.88,-51.00,131.00,-15.00,
-1.21,-0.38,-0.89,9.00,131.00,7.00,
7.77,-1.05,-8.25,-47.00,13.00,-27.00,
1.71,1.67,-9.16,-76.00,-120.00,-36.00,
-6.31,7.88,-9.24,131.00,-131.00,13.00,
-9.79,2.56,-11.28,-4.00,-131.00,-16.00,
-9.47,2.86,-3.29,-3.00,9.00,-27.00,
-6.34,0.25,-3.15,-15.00,131.00,-23.00,
-0.21,0.83,-2.97,-6.00,131.00,29.00,
3.99,-0.15,-6.86,-30.00,75.00,-32.00,
-0.12,7.81,-7.47,-43.00,-100.00,-9.00,
-4.45,6.63,-10.38,34.00,-124.00,-30.00,
-5.09,-8.69,-22.40,70.00,-131.00,0.00,
-7.36,2.03,-5.14,-1.00,-64.00,-8.00,
-8.28,-0.35,-1.43,-50.00,97.00,-44.00,
-3.60,0.74,-3.05,-24.00,131.00,11.00,
2.73,-0.54,-5.35,3.00,131.00,0.00,
6.34,0.30,-7.10,-56.00,12.00,-44.00,
0.10,5.91,-8.83,-60.00,-124.00,-43.00,
-3.26,11.50,-9.57,58.00,-131.00,-35.00,
-9.67,1.74,-11.40,12.00,-90.00,-41.00,
-9.10,3.43,-4.44,10.00,0.00,-46.00,
-9.51,-0.13,-1.38,-6.00,123.00,-24.00,
-1.10,-1.10,-5.78,13.00,131.00,15.00,
2.77,-1.13,-6.17,-11.00,119.00,-21.00,
2.73,1.50,-7.64,-78.00,-54.00,-46.00,
-6.23,7.06,-8.62,-78.00,-131.00,-57.00,
-9.13,1.35,-15.47,131.00,-131.00,3.00,
-10.73,4.38,-7.80,-9.00,-56.00,-15.00,
-8.46,2.49,-2.54,20.00,40.00,-26.00,
-2.75,-1.11,-2.43,24.00,131.00,24.00,
2.43,-1.05,-2.50,-13.00,131.00,10.00,
5.37,1.12,-6.01,-119.00,6.00,-40.00,
-0.68,13.24,-7.79,-116.00,-131.00,-68.00,
-7.18,6.05,-13.50,38.00,-131.00,-65.00,
-6.95,3.60,-10.91,-14.00,-113.00,-31.00,
-6.85,4.28,-3.48,17.00,4.00,-24.00,
-5.57,2.36,-2.52,28.00,117.00,8.00,
1.05,-1.38,-3.62,24.00,131.00,55.00,
4.73,0.72,-6.75,-77.00,85.00,-21.00,
-0.08,9.06,-6.46,-106.00,-94.00,-65.00,
-5.58,13.13,-7.00,8.00,-131.00,-92.00,
-9.62,9.27,-10.44,62.00,-131.00,-67.00,
-8.65,8.27,-2.13,30.00,0.00,-51.00,
-7.95,1.81,-1.12,58.00,93.00,-31.00,
-1.56,-0.29,-3.60,15.00,131.00,33.00,
1.41,1.43,-5.22,-27.00,131.00,-1.00,
3.04,2.76,-8.40,-25.00,11.00,-13.00,
-1.31,5.03,-7.30,-42.00,-119.00,-39.00,
-7.97,6.53,-9.11,-73.00,-131.00,-81.00,
-9.58,1.90,-16.39,86.00,-80.00,-44.00,
-8.80,5.60,-0.69,9.00,97.00,-9.00,
-4.05,0.05,-1.23,54.00,131.00,15.00,
3.11,-1.43,-3.45,-5.00,131.00,10.00,
6.08,-0.21,-6.45,-66.00,-13.00,-22.00,
-2.81,8.72,-8.46,-94.00,-116.00,-40.00,
-8.70,7.11,-9.87,34.00,-131.00,-44.00,
-5.29,-1.08,-17.14,84.00,-62.00,-23.00,
-8.04,4.14,-6.59,-3.00,32.00,-22.00,
-3.83,3.22,-1.61,10.00,131.00,0.00,
1.86,-1.40,-3.72,16.00,131.00,23.00,
7.48,-0.68,-5.57,-57.00,2.00,-23.00,
-3.94,7.24,-5.52,-32.00,-15.00,-50.00,
0.51,0.29,-16.38,11.00,-131.00,7.00,
-7.84,4.59,-13.02,115.00,-108.00,-5.00,
-6.07,-0.14,-10.40,15.00,-5.00,-15.00,
-4.81,0.81,-3.05,-28.00,131.00,-12.00,
0.04,1.34,-1.87,-6.00,131.00,-4.00,
7.43,0.44,-5.66,-56.00,-2.00,-24.00,
-1.43,5.72,-11.41,-36.00,-31.00,-30.00,
0.94,1.17,-13.56,31.00,-131.00,31.00,
-6.99,2.90,-13.21,1.00,-131.00,-16.00,
-7.66,0.11,-11.54,15.00,-35.00,-7.00,
-7.22,0.60,-4.67,-43.00,88.00,-12.00,
-1.57,1.25,-3.43,-3.00,131.00,-3.00,
2.27,1.73,-5.73,-23.00,108.00,-53.00,
5.31,5.02,-9.44,-43.00,-41.00,-41.00,
-1.58,7.34,-10.65,-3.00,-131.00,-21.00,
-4.90,2.45,-13.22,116.00,-131.00,18.00,
-5.49,0.22,-12.29,10.00,-12.00,-10.00,
-5.99,2.03,-4.48,19.00,121.00,-5.00,
-0.86,-0.00,-2.01,5.00,131.00,-14.00,
8.79,-1.44,-5.13,-41.00,-7.00,-9.00,
-0.68,4.66,-7.91,-110.00,-123.00,-49.00,
-2.91,13.61,-10.29,44.00,-131.00,-17.00,
-5.41,-1.74,-15.66,11.00,-96.00,-15.00,
-7.63,1.52,-9.05,-29.00,-37.00,-23.00,
-4.82,4.16,-1.46,32.00,131.00,1.00,
0.11,-0.47,-3.52,-2.00,131.00,0.00,
8.27,-0.42,-7.30,-38.00,10.00,-31.00,
2.27,3.18,-8.00,-55.00,-130.00,-26.00,
-4.14,3.42,-10.62,-37.00,-131.00,-11.00,
-8.19,1.11,-15.47,103.00,-131.00,-2.00,
-8.10,3.74,-8.19,-16.00,7.00,-20.00,
-4.17,1.72,-4.56,66.00,131.00,-31.00,
-0.99,0.07,-4.25,9.00,131.00,11.00,
6.48,-0.74,-7.22,-17.00,65.00,-39.00,
5.38,0.65,-7.82,-49.00,-114.00,-12.00,
-4.58,8.19,-4.78,-54.00,-131.00,-9.00,
-7.56,-0.20,-19.09,5.00,-129.00,-8.00,
-8.52,4.14,-7.81,5.00,-8.00,-40.00,
-4.48,0.43,-5.42,-10.00,131.00,-19.00,
0.23,1.67,-1.84,22.00,131.00,19.00,
5.96,0.41,-6.74,-14.00,58.00,-26.00,
6.61,2.51,-9.18,-39.00,-79.00,-22.00,
-3.56,5.02,-10.14,-18.00,-131.00,-17.00,
-6.06,-2.41,-16.75,101.00,-131.00,6.00,
-10.48,0.59,-12.70,7.00,-63.00,-14.00,
-8.38,2.63,-1.35,-80.00,93.00,4.00,
-0.97,3.17,-1.73,33.00,131.00,37.00,
3.71,2.15,-4.77,29.00,131.00,15.00,
5.25,2.60,-6.96,-25.00,-77.00,-10.00,
-3.38,4.24,-8.61,-33.00,-131.00,-9.00,
-8.23,6.00,-11.02,53.00,-131.00,-5.00,
-7.49,-3.27,-15.49,-41.00,-101.00,-22.00,
-9.35,2.10,-5.12,-20.00,0.00,-28.00,
-5.65,1.69,-3.59,-13.00,131.00,-1.00,
0.88,-1.14,-2.86,36.00,131.00,34.00,
8.97,-2.26,-8.57,-22.00,-9.00,-4.00,
0.92,1.85,-7.59,-77.00,-131.00,-11.00,
-12.17,8.74,-3.42,18.00,-131.00,-34.00,
-8.11,-5.62,-19.46,28.00,-85.00,-27.00,
-7.98,3.11,-5.90,6.00,12.00,-19.00,
-8.16,-0.77,-1.26,-38.00,131.00,-13.00,
1.53,-2.20,-2.84,25.00,131.00,30.00,
4.88,-1.43,-7.22,-49.00,2.00,-24.00,
-3.23,2.03,-9.24,-72.00,-131.00,-25.00,
-8.77,7.73,-12.38,25.00,-100.00,-18.00,
-7.85,3.05,-11.76,-31.00,-60.00,-17.00,
-8.03,3.67,-5.69,18.00,17.00,-22.00,
-6.69,1.41,-3.63,5.00,131.00,1.00,
1.32,-0.89,-2.15,33.00,131.00,33.00,
4.09,-1.03,-6.52,-63.00,-28.00,-36.00,
-4.49,2.11,-11.92,-90.00,-131.00,-36.00,
-5.35,2.23,-17.55,131.00,-118.00,3.00,
-6.19,3.29,-5.60,-7.00,50.00,-24.00,
-2.47,-1.08,-7.41,44.00,131.00,-8.00,
-0.96,-0.60,-2.22,5.00,131.00,-4.00,
6.70,0.68,-6.94,-46.00,-85.00,-23.00,
-3.79,3.19,-7.93,-37.00,-131.00,8.00,
-5.60,-1.87,-16.55,49.00,-52.00,-10.00,
-5.35,-0.07,-9.40,27.00,37.00,-13.00,
-1.92,-0.16,-5.45,-37.00,131.00,-19.00,
0.38,-0.24,-6.33,-1.00,130.00,-1.00,
4.24,0.23,-6.77,-40.00,-79.00,-9.00,
-4.72,5.40,-9.47,-30.00,-131.00,-16.00,
-6.65,-2.85,-17.01,85.00,-120.00,0.00,
-6.92,0.92,-9.76,8.00,-23.00,-15.00,
-4.80,-0.16,-6.24,17.00,131.00,-21.00,
-1.73,-0.74,-1.68,-5.00,131.00,0.00,
8.69,-1.35,-6.39,-44.00,29.00,-27.00,
0.37,4.35,-7.74,-74.00,-131.00,-24.00,
-9.48,1.10,-16.91,78.00,-131.00,-5.00,
-10.53,0.99,-14.96,-1.00,-83.00,-22.00,
-7.38,2.66,-4.11,-27.00,76.00,-8.00,
0.18,-0.92,-5.03,44.00,131.00,3.00,
0.67,3.52,0.02,-2.00,131.00,-6.00,
7.64,2.02,-8.20,-48.00,-30.00,-56.00,
-0.25,1.87,-9.25,-16.00,-131.00,4.00,
-3.84,4.10,-11.44,-7.00,-131.00,-11.00,
-9.05,0.61,-12.30,9.00,-85.00,-16.00,
-7.62,0.18,-6.83,36.00,93.00,-50.00,
-0.80,-0.29,-3.29,-14.00,131.00,3.00,
1.51,-0.83,-4.43,0.00,131.00,-16.00,
5.64,0.44,-7.06,-60.00,-30.00,-46.00,
-0.35,8.82,-10.39,-67.00,-131.00,-38.00,
-6.91,-1.15,-17.09,31.00,-131.00,-15.00,
-9.33,2.78,-11.24,11.00,-81.00,-18.00,
-8.50,3.33,-1.88,35.00,125.00,-29.00,
-2.44,0.52,-1.30,30.00,131.00,47.00,
5.02,0.18,-7.02,-32.00,131.00,-32.00,
5.04,2.32,-7.59,-30.00,-78.00,-19.00,
1.69,2.16,-4.94,7.00,-131.00,77.00,
-8.11,-2.30,-16.44,-57.00,-131.00,-8.00,
-11.35,0.93,-9.25,-18.00,-53.00,-24.00,
-8.95,2.31,-2.01,12.00,131.00,-32.00,
-1.96,1.19,-2.43,-10.00,131.00,29.00,
3.70,-0.86,-2.99,-20.00,131.00,10.00,
7.12,3.73,-8.13,-67.00,-26.00,-29.00,
0.49,3.82,-12.70,34.00,-121.00,20.00,
-3.92,-0.82,-17.74,62.00,-131.00,9.00,
-7.07,5.19,-10.73,10.00,-83.00,-17.00,
-5.68,2.04,-5.58,19.00,72.00,-43.00,
-1.26,-1.28,-2.81,-1.00,131.00,14.00,
4.76,-1.66,-3.99,-13.00,131.00,-12.00,
4.80,0.98,-8.31,-63.00,-67.00,-19.00,
-1.04,7.02,-13.44,18.00,-131.00,0.00,
-7.07,5.03,-14.63,-2.00,-131.00,-32.00,
-7.94,2.45,-6.19,1.00,-24.00,-16.00,
-6.15,-0.38,-4.29,37.00,131.00,-46.00,
-1.49,-0.61,-2.58,9.00,131.00,11.00,
4.32,-0.78,-4.93,-55.00,107.00,-15.00,
2.47,1.61,-9.39,-71.00,-49.00,-22.00,
-4.90,4.62,-14.09,36.00,-131.00,-14.00,
-8.10,1.29,-15.58,-24.00,-131.00,-16.00,
-8.85,2.47,-5.92,-37.00,-78.00,-28.00,
-7.53,-0.57,-4.05,32.00,120.00,-41.00,
-2.66,-1.52,-2.03,-5.00,131.00,43.00,
2.29,-0.47,-4.28,-2.00,131.00,19.00,
5.27,3.29,-8.79,-49.00,-59.00,-32.00,
-3.41,0.99,-13.03,-24.00,-131.00,-27.00,
-7.89,1.31,-17.67,18.00,-131.00,-21.00,
-9.67,3.06,-7.29,-11.00,-38.00,-17.00,
-7.41,2.97,-1.51,22.00,131.00,-19.00,
0.72,-1.99,-1.82,40.00,131.00,45.00,
5.12,-0.22,-4.37,-48.00,128.00,-21.00,
6.15,3.62,-9.17,-54.00,-131.00,-34.00,
-5.97,4.65,-11.87,84.00,-131.00,-25.00,
-12.25,-0.18,-19.13,30.00,-131.00,-27.00,
-6.94,3.59,-2.12,8.00,-8.00,-41.00,
-9.25,-2.43,-2.51,-21.00,131.00,-27.00,
0.46,1.99,0.39,-15.00,131.00,54.00,
4.87,-0.66,-3.88,-25.00,131.00,-9.00,
4.93,3.19,-6.36,-58.00,-92.00,-31.00,
-5.62,9.41,-8.27,-14.00,-131.00,-60.00,
-10.84,-0.70,-14.43,52.00,-131.00,-51.00,
-10.36,4.15,-6.76,-12.00,-44.00,-37.00,
-10.63,1.88,1.46,4.00,131.00,-27.00,
2.88,-1.60,-1.48,66.00,131.00,73.00,
6.10,-1.24,-5.78,-24.00,53.00,-6.00,
2.69,4.93,-8.62,-92.00,-129.00,-37.00,
-6.37,8.49,-9.05,21.00,-131.00,-25.00,
-5.77,2.74,-16.23,-35.00,-124.00,-33.00,
-8.49,4.02,-8.06,-10.00,-41.00,-30.00,
-8.84,0.62,-1.99,-13.00,101.00,-17.00,
0.02,2.10,0.40,52.00,131.00,50.00,
6.14,-1.21,-2.98,-15.00,131.00,15.00,
4.70,0.80,-10.36,-78.00,-69.00,-49.00,
-1.87,7.10,-10.01,33.00,-131.00,-43.00,
-10.14,2.85,-14.61,13.00,-131.00,-39.00,
-8.39,1.26,-7.91,-14.00,-49.00,-24.00,
-9.25,2.17,-2.17,-15.00,52.00,-32.00,
-0.01,0.28,1.20,22.00,131.00,42.00,
4.45,-0.22,-6.14,-27.00,116.00,-31.00,
6.05,1.47,-9.42,-74.00,-55.00,-64.00,
-4.45,4.95,-9.93,-12.00,-131.00,-29.00,
-12.59,7.46,-14.18,-23.00,-131.00,-60.00,
-11.21,4.67,-8.95,-33.00,-66.00,-45.00,
-8.67,3.35,-0.55,28.00,69.00,-31.00,
-1.62,-0.24,0.67,21.00,131.00,59.00,
3.86,0.38,-3.84,-41.00,131.00,8.00,
3.10,3.09,-6.60,-71.00,-41.00,-52.00,
-8.14,5.70,-6.09,-119.00,-131.00,-111.00,
-9.47,3.50,-14.65,12.00,-131.00,-53.00,
-10.50,5.43,-1.08,16.00,6.00,-53.00,
-8.73,1.13,-2.30,53.00,110.00,-14.00,
-2.80,0.70,-1.63,33.00,131.00,65.00,
5.91,-1.82,-6.63,-20.00,104.00,10.00,
-2.21,1.55,-4.28,-109.00,-131.00,-58.00,
-13.66,6.98,-0.92,-94.00,-131.00,-87.00,
-16.63,7.45,-5.84,38.00,-128.00,-51.00,
-12.53,3.97,-4.38,31.00,-23.00,-42.00,
-9.74,1.78,1.27,67.00,98.00,-20.00,
-6.44,2.25,0.35,7.00,131.00,49.00,
-1.22,3.08,-0.51,14.00,131.00,52.00,
5.39,2.87,-6.76,-26.00,94.00,-23.00,
3.76,3.00,-8.91,11.00,-97.00,-2.00,
-3.71,4.17,-9.57,52.00,-131.00,-4.00,
-6.71,3.21,-15.37,18.00,-131.00,-28.00,
-8.00,5.91,-4.51,0.00,-21.00,-30.00,
-9.08,-2.07,-1.47,25.00,131.00,-18.00,
2.13,-0.98,1.33,-34.00,131.00,58.00,
6.11,-0.46,-4.53,-37.00,90.00,-12.00,
2.48,4.88,-8.67,-72.00,-109.00,-36.00,
-5.58,8.53,-9.31,17.00,-131.00,-18.00,
-8.13,2.62,-15.55,-84.00,-118.00,-39.00,
-6.79,5.62,-3.95,23.00,24.00,-24.00,
-7.14,-1.37,-5.63,20.00,115.00,-7.00,
-1.30,-0.48,-2.06,10.00,131.00,48.00,
5.11,0.90,-4.61,-15.00,127.00,0.00,
4.66,1.46,-8.10,-31.00,-131.00,-2.00,
-7.30,5.66,-8.09,-44.00,-131.00,-39.00,
-6.38,-0.78,-18.86,-22.00,-120.00,-33.00,
-8.96,2.96,-6.22,-25.00,-34.00,-16.00,
-6.66,2.52,-1.84,12.00,131.00,-2.00,
1.20,-0.93,-1.33,56.00,131.00,67.00,
8.63,-1.67,-6.73,-53.00,27.00,-40.00,
0.48,3.65,-8.42,-80.00,-109.00,-43.00,
-4.74,10.81,-11.14,66.00,-131.00,-28.00,
-7.92,0.80,-15.65,-31.00,-131.00,-38.00,
-9.72,2.44,-8.25,-13.00,-55.00,-38.00,
-8.96,0.68,-0.93,41.00,131.00,-26.00,
-2.45,0.20,-1.14,23.00,131.00,42.00,
6.14,-0.85,-5.13,-14.00,96.00,-15.00,
2.71,1.09,-7.44,-58.00,-97.00,-21.00,
-5.88,6.33,-11.31,-24.00,-131.00,-29.00,
-7.99,0.79,-15.72,-6.00,-131.00,-21.00,
-9.98,3.74,-10.24,17.00,-66.00,-31.00,
-8.52,3.46,-2.01,0.00,77.00,-22.00,
-2.84,1.33,-0.48,44.00,131.00,33.00,
4.62,-1.24,-2.51,27.00,131.00,42.00,
5.24,1.18,-5.91,-70.00,-29.00,-39.00,
-5.75,7.64,-8.91,-48.00,-131.00,-36.00,
-9.47,-0.29,-19.57,79.00,-131.00,-17.00,
-7.55,3.05,-10.91,-16.00,-86.00,-24.00,
-8.33,2.09,-3.77,0.00,59.00,-15.00,
-3.45,1.83,-2.44,4.00,131.00,16.00,
1.12,-2.08,0.25,13.00,131.00,60.00,
7.75,-0.92,-6.87,-51.00,4.00,-15.00,
-6.68,6.74,-5.90,-35.00,-131.00,-52.00,
-10.68,0.81,-13.79,-25.00,-107.00,-5.00,
-8.61,4.11,-14.13,9.00,-70.00,-14.00,
-9.10,2.47,-7.08,-25.00,14.00,-22.00,
-7.87,1.46,-1.68,-3.00,131.00,22.00,
-0.94,0.64,0.06,71.00,131.00,40.00,
5.76,-1.75,-4.61,2.00,108.00,6.00,
6.54,0.07,-8.03,-44.00,-40.00,-38.00,
-2.25,4.01,-12.83,-12.00,-128.00,-23.00,
-4.57,-0.36,-16.32,-39.00,-131.00,-38.00,
-7.22,5.19,-12.63,-20.00,-87.00,-39.00,
-9.92,2.67,-4.98,-27.00,5.00,-18.00,
-8.91,1.57,-1.94,-35.00,131.00,19.00,
-0.16,-2.62,3.57,73.00,131.00,82.00,
9.27,-2.72,-4.54,-25.00,64.00,-3.00,
3.62,3.22,-7.99,-45.00,-106.00,-33.00,
-4.26,5.19,-13.35,17.00,-131.00,-17.00,
-9.47,3.42,-15.90,-23.00,-91.00,-37.00,
-9.11,2.44,-7.81,-18.00,-9.00,-32.00,
-7.61,1.39,-5.77,20.00,122.00,-13.00,
-0.72,1.46,-0.12,48.00,131.00,43.00,
5.37,-2.92,-3.96,1.00,131.00,17.00,
8.60,0.88,-5.82,-64.00,-40.00,-38.00,
-4.14,5.73,-7.60,-48.00,-131.00,-34.00,
-9.41,4.72,-10.49,66.00,-131.00,-18.00,
-10.19,4.33,-16.68,-7.00,-46.00,-32.00,
-7.75,2.74,-5.76,11.00,6.00,-27.00,
-8.96,1.99,-3.99,-9.00,126.00,-8.00,
-1.79,1.33,-0.00,65.00,131.00,42.00,
6.98,-1.50,-4.86,-11.00,131.00,14.00,
8.38,-0.37,-4.13,-60.00,-31.00,-42.00,
0.29,4.25,-8.50,-23.00,-131.00,-23.00,
-5.66,5.90,-9.18,25.00,-131.00,7.00,
-9.11,4.05,-13.87,12.00,-107.00,-28.00,
-8.66,3.09,-7.67,-41.00,-36.00,-22.00,
-9.38,2.46,-3.32,9.00,40.00,-21.00,
-7.59,-0.05,-4.46,23.00,122.00,-9.00,
0.68,-2.51,-2.00,60.00,131.00,31.00,
6.05,-2.16,-6.09,-32.00,105.00,-27.00,
6.27,3.12,-5.71,-76.00,-47.00,-58.00,
-1.05,7.90,-10.57,-36.00,-131.00,-55.00,
-6.61,5.37,-13.51,11.00,-131.00,-61.00,
-9.27,3.55,-11.23,35.00,-88.00,-52.00,
-7.76,2.68,-2.26,5.00,42.00,-21.00,
-4.63,-0.35,-2.07,-1.00,131.00,39.00,
3.06,0.02,-0.91,17.00,131.00,51.00,
11.40,0.14,-5.71,-44.00,25.00,-33.00,
4.36,3.48,-9.67,-53.00,-106.00,-39.00,
-4.79,5.84,-10.35,19.00,-131.00,-3.00,
-5.36,5.79,-14.05,-2.00,-111.00,-45.00,
-7.07,4.02,-8.21,2.00,-31.00,-28.00,
-8.68,2.44,-1.93,12.00,74.00,-13.00,
-2.20,0.92,0.31,71.00,131.00,52.00,
4.23,-1.08,-4.31,7.00,131.00,10.00,
7.79,1.96,-5.84,-46.00,11.00,-55.00,
2.15,5.70,-10.68,-51.00,-131.00,-61.00,
-4.03,10.90,-9.64,19.00,-131.00,-41.00,
-7.25,6.38,-13.23,40.00,-101.00,-55.00,
-8.04,3.57,-4.36,0.00,-3.00,-37.00,
-8.09,1.03,-3.21,20.00,103.00,-2.00,
-2.44,0.23,-0.41,49.00,131.00,55.00,
5.31,-2.50,-5.99,6.00,131.00,16.00,
4.10,0.91,-6.14,-71.00,-7.00,-49.00,
-0.20,6.96,-10.27,-40.00,-88.00,-33.00,
-3.93,6.44,-11.58,49.00,-131.00,15.00,
-4.01,4.49,-10.11,-14.00,-122.00,-40.00,
-7.84,4.40,-4.20,-23.00,-35.00,-29.00,
-8.72,1.59,-3.25,6.00,100.00,-11.00,
-5.00,3.65,-0.72,21.00,131.00,43.00,
4.54,0.68,-4.90,26.00,131.00,31.00,
8.52,-1.09,-4.79,-38.00,22.00,-26.00,
1.88,5.83,-7.80,-34.00,-68.00,-27.00,
-0.13,1.77,-13.78,50.00,-131.00,27.00,
-7.27,3.82,-13.29,5.00,-113.00,-25.00,
-8.13,3.73,-6.06,7.00,-22.00,-31.00,
-8.07,-1.16,-7.04,4.00,92.00,-17.00,
-5.07,0.74,-3.49,39.00,131.00,32.00,
4.79,-0.71,-3.82,35.00,131.00,36.00,
9.70,-1.53,-4.12,-45.00,5.00,-36.00,
4.53,3.16,-6.47,-52.00,-85.00,-54.00,
-2.92,4.31,-10.90,8.00,-123.00,-9.00,
-3.59,-2.08,-14.98,0.00,-131.00,-9.00,
-9.29,3.44,-10.91,-31.00,-131.00,-20.00,
-9.45,3.29,-2.84,-40.00,-13.00,-23.00,
-10.14,0.84,-0.66,10.00,131.00,-19.00,
-2.87,1.21,-2.74,39.00,131.00,53.00,
2.63,-0.83,-3.76,4.00,131.00,31.00,
10.38,-0.12,-4.80,-41.00,-2.00,-25.00,
2.70,3.39,-7.32,-61.00,-124.00,-24.00,
-3.68,6.91,-9.88,-2.00,-131.00,-19.00,
-7.46,4.18,-12.44,54.00,-131.00,-32.00,
-11.73,2.39,-9.18,-24.00,-104.00,-29.00,
-7.81,2.62,-2.03,16.00,54.00,-33.00,
-6.04,-1.38,-6.65,17.00,131.00,-14.00,
-2.12,2.81,-3.96,5.00,131.00,48.00,
4.90,-0.41,-3.95,32.00,131.00,48.00,
9.64,-0.71,-4.10,-30.00,5.00,-21.00,
4.50,1.77,-6.91,-52.00,-91.00,-28.00,
-0.43,4.10,-10.18,-39.00,-131.00,-10.00,
-5.10,3.48,-12.29,-9.00,-131.00,-15.00,
-9.48,4.14,-11.53,28.00,-131.00,-47.00,
-10.22,2.66,-4.56,-41.00,-36.00,-37.00,
-9.54,0.27,-1.39,-23.00,131.00,-6.00,
-2.17,0.89,-2.23,36.00,131.00,50.00,
4.14,-1.14,-4.38,11.00,131.00,25.00,
6.31,1.03,-5.18,-39.00,-13.00,-31.00,
-0.40,4.04,-9.18,28.00,-91.00,37.00,
-0.78,-0.24,-13.93,-26.00,-131.00,25.00,
-7.45,2.26,-14.01,11.00,-131.00,-36.00,
-9.61,2.24,-6.51,-20.00,-67.00,-42.00,
-9.25,-1.68,-2.53,28.00,92.00,-70.00,
-4.33,-1.58,-1.64,-50.00,131.00,50.00,
3.48,-0.28,-2.99,-13.00,131.00,35.00,
7.60,1.42,-6.76,-68.00,-14.00,-22.00,
8.31,2.60,-6.72,73.00,-131.00,17.00,
-9.52,-2.55,-18.09,-27.00,-131.00,-8.00,
-8.15,-1.50,-12.98,17.00,-119.00,8.00,
-8.85,1.13,-6.84,11.00,-31.00,-27.00,
-6.94,0.24,-3.87,-28.00,131.00,-20.00,
-0.32,0.09,-0.10,16.00,131.00,47.00,
5.30,-0.52,-4.85,-27.00,102.00,-32.00,
5.47,-0.81,-6.00,-47.00,-30.00,-33.00,
-1.66,3.62,-8.18,-97.00,-131.00,-62.00,
-7.63,5.41,-16.90,131.00,-131.00,-19.00,
-9.28,1.80,-15.12,19.00,-123.00,-23.00,
-7.57,4.63,-2.22,11.00,7.00,-44.00,
-4.34,-0.81,-2.70,-3.00,131.00,7.00,
1.39,0.37,-2.29,2.00,131.00,22.00,
6.62,-0.21,-6.39,-37.00,21.00,-25.00,
3.09,1.19,-9.79,-92.00,-90.00,-63.00,
-5.81,10.67,-6.85,-28.00,-131.00,-84.00,
-11.18,1.90,-15.59,19.00,-118.00,-64.00,
-8.09,4.79,-4.59,29.00,-25.00,-49.00,
-8.75,2.83,-2.12,70.00,114.00,-27.00,
0.61,1.65,-1.25,18.00,131.00,57.00,
4.16,-1.14,-4.73,2.00,131.00,24.00,
5.13,-0.36,-7.04,-67.00,-33.00,-40.00,
-0.34,7.17,-10.55,-47.00,-131.00,-74.00,
-7.60,6.04,-12.71,72.00,-131.00,-24.00,
-6.47,1.92,-12.41,-24.00,-48.00,-42.00,
-6.89,0.40,-6.24,-2.00,42.00,-34.00,
-5.02,1.00,-5.18,4.00,114.00,23.00,
1.51,0.69,-3.33,43.00,131.00,40.00,
4.32,-0.74,-5.91,-23.00,-3.00,-24.00,
-1.12,3.51,-10.13,-76.00,-110.00,-46.00,
-6.63,7.24,-8.53,-9.00,-131.00,-24.00,
-7.17,0.70,-12.88,57.00,-38.00,-16.00,
-7.71,1.60,-8.03,1.00,10.00,-24.00,
-7.10,0.01,-8.58,-1.00,48.00,1.00,
-1.47,0.67,-4.00,31.00,131.00,26.00,
2.16,0.02,-4.21,-13.00,115.00,-1.00,
4.46,-0.20,-5.70,-39.00,-8.00,-31.00,
-2.32,3.80,-5.82,-111.00,-120.00,-30.00,
-7.46,11.90,-0.37,-91.00,-131.00,-60.00,
-5.94,0.30,-6.59,131.00,-38.00,30.00,
-2.83,0.73,-4.77,51.00,3.00,82.00,
-4.47,10.95,-8.58,100.00,119.00,26.00,
-1.18,8.76,-14.26,45.00,49.00,-22.00,
-1.43,3.19,-10.06,11.00,-16.00,-14.00,
-2.25,1.27,-8.78,19.00,2.00,-3.00,
-3.38,0.16,-10.00,43.00,43.00,2.00,
1.78,2.22,-5.06,-27.00,-45.00,30.00,
3.85,4.09,-13.74,14.00,29.00,14.00,
